0 0.5420020854166667 0.4447497222222222 0.5273756555555555 0.44188358765432095 0.5171232743055556 0.4726993802469136 0.50671380625 0.48584105802469135 0.5003650840277778 0.5137876209876543 0.49844045138888887 0.5373843098765432 0.5031251909722222 0.5405297098765433 0.5099969541666667 0.560516074074074 0.5063039041666667 0.6089123790123456 0.5085944923611111 0.6155745012345679 0.5146843048611112 0.6130750444444444 0.51817196875 0.6179788049382716 0.524885775 0.603819862962963 0.5267077145833333 0.6068732061728395 0.5312880201388889 0.6037262592592593 0.5369083145833333 0.5811468345679012 0.5448200666666666 0.5817007222222222 0.5539806770833333 0.5754068271604939 0.5555419666666667 0.5709648962962963 0.5534593770833334 0.5604162802469136 0.5603293993055556 0.5474602641975309 0.5591314527777778 0.5327474345679012 0.56568904375 0.5173855654320988 0.56433488125 0.5014698111111111 0.5773982805555555 0.4758354950617284 0.5778142756944444 0.4680625049382716 0.5887441736111111 0.45344018395061725 0.5881193097222221 0.4486284802469136 0.5728688868055556 0.4574218308641975 0.5523088597222222 0.4582580790123457 0.5420020854166667 0.4447497222222222
0 0.39969671180555555 0.47401448148148145 0.3942826743055556 0.4597650296296296 0.3879839930555556 0.4496797913580247 0.3802802381944444 0.44523940864197525 0.37085897777777777 0.4440380308641975 0.35206910902777777 0.4530170419753086 0.3480618861111111 0.46606511481481483 0.34176407569444445 0.47245106666666664 0.33775772291666667 0.5019703296296296 0.32505853819444447 0.524921075308642 0.3209986625 0.5265873802469135 0.3200104555555556 0.5409304345679012 0.32839085625000003 0.5450931 0.34499457083333335 0.5357443148148149 0.34915888055555555 0.5403703580246914 0.3513459048611111 0.5572113222222221 0.36472260625 0.550454049382716 0.36701232361111114 0.5406449802469135 0.3802328090277778 0.5326847814814815 0.3969909993055556 0.4915965407407407 0.39969671180555555 0.47401448148148145
0 0.2392237229166667 0.4676563851851852 0.23807842847222224 0.46432532469135807 0.23401855347222222 0.4659916296296296 0.22022672708333332 0.49699308271604936 0.22543189583333334 0.4986578395061728 0.2324581347222222 0.48690474938271605 0.2392237229166667 0.4676563851851852
0 0.2947569847222222 0.3739093814814815 0.2925181784722222 0.3621578382716049 0.2771633215277778 0.3646588419753087 0.25535530763888886 0.38881406172839506 0.25358602013888887 0.3971424864197531 0.2573861159722222 0.4044521 0.2559292604166667 0.4151863765432099 0.24973588402777777 0.427864675308642 0.246353525 0.4457244530864198 0.26170751180555557 0.42675225925925925 0.2717001131944444 0.4049123827160494 0.29158262361111115 0.387882662962963 0.2947569847222222 0.3739093814814815
0 0.3491519166666667 0.40860083703703703 0.3401984333333333 0.3945370456790124 0.3208363534722222 0.41008612222222224 0.31630870069444444 0.42461483950617285 0.3183912902777778 0.4351634555555555 0.32828119930555555 0.439973612345679 0.34373962013888887 0.4272937654320988 0.3491519166666667 0.40860083703703703
0 0.18917107847222223 0.8505736530864197 0.1880775666666667 0.8421531703703703 0.18313217708333332 0.8315124975308642 0.1767817138888889 0.8265166802469136 0.17901877916666667 0.8053258419753087 0.1653296451388889 0.8096772629629629 0.15918805069444444 0.8172661407407408 0.1487794534722222 0.8468790086419753 0.13405033055555557 0.8706629061728395 0.12452637708333333 0.8961115604938272 0.12520389305555557 0.9123050333333333 0.13665509097222223 0.9126732592592594 0.14232890833333334 0.9179467938271606 0.14675386805555554 0.9300681111111112 0.1561233465277778 0.9363589111111111 0.1615365138888889 0.9341371716049383 0.17361257569444444 0.9393171024691358 0.1817323263888889 0.9359844938271604 0.19698100833333332 0.894248762962963 0.19677214027777776 0.8816640679012345 0.18511207361111112 0.8687111469135802 0.18917107847222223 0.8505736530864197
0 0.05709458333333333 0.40430048518518513 0.05532442569444445 0.3961577197530864 0.03913670625 0.39773351481481484 0.03330667291666667 0.3912570543209876 0.025707352083333333 0.3931090197530864 0.017848252083333332 0.40393690123456794 0.014309677083333333 0.4205937518518519 0.019827278472222223 0.42466436049382716 0.031174042361111112 0.41874023950617284 0.039815093055555556 0.4303981777777778 0.048247275694444446 0.42947142222222223 0.05709458333333333 0.40430048518518513
0 0.2721557041666667 0.1614533086419753 0.2715826215277778 0.15155218271604937 0.26825117430555556 0.14785134814814815 0.2601314236111111 0.15118395679012347 0.25086725 0.16765669382716047 0.25180454583333334 0.17487425061728396 0.25513599305555557 0.17857508518518517 0.2671594034722222 0.17237324691358025 0.2721557041666667 0.1614533086419753
0 0.7997127881944445 0.5797149160493827 0.7972659840277777 0.5718498691358025 0.7818075631944444 0.5845297160493828 0.7640585541666667 0.5905474407407407 0.7491196930555556 0.5852754530864198 0.7454758131944444 0.5791687666666667 0.7415721541666667 0.5820379975308642 0.7266868152777778 0.6046189691358025 0.7115408263888889 0.6197046679012346 0.7210665208333334 0.6271983938271605 0.7224724645833334 0.6380247271604939 0.7163308701388889 0.6456136049382716 0.7167995180555555 0.6492223827160494 0.7252317006944444 0.6482956271604938 0.7351742618055557 0.6644875518518518 0.7471458895833334 0.6633751345679012 0.7578168777777777 0.6741999209876544 0.7651037666666667 0.6699421049382716 0.7701000673611111 0.6590221666666667 0.7747304131944445 0.6178434172839506 0.7983077145833333 0.5853597728395061 0.7997127881944445 0.5797149160493827
0 1 0.7191874074074074 0.9947543333333333 0.7150607172839506 0.9931930437500001 0.7195026469135802 0.9955880659722223 0.7324571160493827 1 0.740025124691358 1 0.7191874074074074
0 0.9591379534722222 0.4572647777777778 0.9575240118055556 0.4503249395061728 0.95351591875 0.44690182222222224 0.9447195222222221 0.4505121469135802 0.9419611569444445 0.4567124382716049 0.9420138090277778 0.4680942074074074 0.9475314104166667 0.47216481604938276 0.9568482368055555 0.4670738469135802 0.9591379534722222 0.4572647777777778
0 0.8219711694444445 0.21327348271604937 0.8197323631944444 0.20152193950617286 0.8032848645833334 0.21207365185185187 0.8009951472222222 0.2218827197530864 0.8073456104166666 0.22687853703703703 0.8193690201388888 0.2206766987654321 0.8219711694444445 0.21327348271604937
0 0.8084547909722223 0.5317804419753087 0.8113676319444445 0.4938406962962963 0.8019463715277778 0.4926393185185185 0.7926821972222222 0.5091120555555555 0.7925786333333333 0.5192908987654321 0.8015329868055556 0.5498258790123457 0.8052804305555555 0.5457537234567902 0.8084547909722223 0.5317804419753087
0 0.5571602611111112 0.6602606864197531 0.5647069298611112 0.6470269518518518 0.5374322263888889 0.6455509518518519 0.5139058361111111 0.6564739851851852 0.5152073465277778 0.6610079716049383 0.5093781833333334 0.671002701234568 0.5004773527777778 0.6683206790123457 0.4960532638888889 0.6726705530864198 0.4875175173611111 0.6837761518518519 0.4925146888888889 0.6893274037037037 0.49485792916666665 0.7073712938271605 0.4907462722222222 0.7141270197530865 0.48908141875 0.7287477925925926 0.47263391944444444 0.7392995037037037 0.4677938347222222 0.7514223679012345 0.4832531263888889 0.755213712345679 0.48523215277777776 0.7759411716049383 0.4937687694444444 0.781306762962963 0.49892302708333336 0.8045321308641975 0.5121443833333333 0.8130431209876543 0.52094165 0.825903986419753 0.53973151875 0.8169249740740742 0.5423336680555555 0.8095217580246914 0.5693995034722222 0.7984130629629629 0.5699717152777778 0.7918429987654321 0.5764257416666667 0.7866599728395062 0.5811078694444445 0.7403918024691358 0.5846990965277777 0.7351167209876542 0.5867281638888889 0.7178123790123457 0.5853222201388889 0.7069860444444444 0.5814185604166666 0.709855274074074 0.5722052979166666 0.7047674012345678 0.5721008638888889 0.6984750530864198 0.5577859958333333 0.6815435802469135 0.5571602611111112 0.6602606864197531
0 0.27037641875 0.9654882814814816 0.26881425833333333 0.9534590209876543 0.26350465486111113 0.9455019172839506 0.2562177666666666 0.9497597345679012 0.2535120534722222 0.9673417938271606 0.2643392576388889 0.9793695061728396 0.27037641875 0.9654882814814816
0 0.30513817430555557 0.8105792592592593 0.3044088756944444 0.7994752074074074 0.3002445659722222 0.7948491641975308 0.2887415861111111 0.7995703592592592 0.2832766375 0.8068815197530864 0.2816635659722222 0.8164128703703705 0.28577609375 0.8261283358024691 0.2923345548611111 0.8272376567901234 0.30513817430555557 0.8105792592592593
0 0.07727600555555555 1 0.07888302361111112 0.9946687209876542 0.07726908125 0.9877288827160493 0.06842003263888888 0.9799574395061729 0.06347551388888889 0.9857879567901234 0.05802410902777778 1 0.07727600555555555 1
0 0.23149168958333333 0.9130275580246914 0.22894045138888888 0.898870162962963 0.2232666340277778 0.8935966283950617 0.22279885694444446 0.9064590407407407 0.21655369791666668 0.9242267617283951 0.21733477847222224 0.9302413913580247 0.2288377583333333 0.9255201962962963 0.23149168958333333 0.9130275580246914
0 0.1992102388888889 0.7248172135802469 0.19759629722222222 0.717877375308642 0.18505245763888892 0.7255598567901235 0.18088901875 0.7374050037037037 0.18161831666666667 0.7485090555555556 0.19005049930555554 0.747582298765432 0.19535923194444443 0.7390682123456791 0.1992102388888889 0.7248172135802469
0 0.28097908541666666 0.6684498765432099 0.27848049999999996 0.6656742506172839 0.2636460729166667 0.6666946111111112 0.2593264173611111 0.6773368320987654 0.2625543013888889 0.6912165098765432 0.2811879541666667 0.6810345716049383 0.28097908541666666 0.6684498765432099
0 0.4744989361111111 0.572551524691358 0.47153170277777784 0.5661671209876543 0.4546673375 0.5680206333333334 0.44087464027777773 0.5825508962962963 0.4387411388888889 0.5935628913580246 0.44571646597222225 0.603370412345679 0.4686179916666666 0.5876356753086419 0.4744989361111111 0.572551524691358
0 0.2364179277777778 0.5613020481481481 0.23464777013888888 0.5531592839506173 0.2216352826388889 0.5572329876543209 0.2162747673611111 0.5708364950617284 0.22262523055555555 0.575832312345679 0.23126541111111112 0.5710190604938271 0.2364179277777778 0.5613020481481481
0 0.21523303749999997 0.5573265913580246 0.21273358125000003 0.538079775308642 0.20737219583333336 0.5352120925925926 0.20294810694444443 0.5395619666666667 0.19623430069444442 0.5537209086419753 0.19607895486111113 0.5689891728395062 0.2045111375 0.5680624160493827 0.21523303749999997 0.5573265913580246
0 0.19722598958333334 0.6052626135802469 0.19738133541666666 0.589994349382716 0.18634700347222222 0.5983243222222222 0.18410993819444446 0.6195151604938272 0.19722598958333334 0.6052626135802469
0 0.1712414798611111 0.3941951283950617 0.16983553611111113 0.3833687938271605 0.16015449583333335 0.39114333209876545 0.15880207430555554 0.40816995679012347 0.16130065972222224 0.4109455827160494 0.16791090277777776 0.40696548395061727 0.1712414798611111 0.3941951283950617
0 0.3031304215277778 0.24630252469135802 0.3024011229166667 0.23519847407407407 0.2917827868055556 0.23575545555555555 0.2849127645833333 0.24871147283950615 0.2903785840277778 0.25787150246913576 0.29782168819444443 0.2548166111111111 0.3031304215277778 0.24630252469135802
0 0.79261039375 0.1353641049382716 0.7902153722222222 0.12240963580246914 0.7803254638888889 0.11759947901234567 0.7749122965277777 0.11982121851851853 0.7696035638888888 0.1283353037037037 0.7701766458333333 0.13823642962962962 0.7769957569444444 0.14684102469135804 0.7871454451388888 0.14267526419753085 0.79261039375 0.1353641049382716
0 0.7513323840277778 0.1028912925925926 0.7487293638888889 0.09382331851851852 0.7376423798611111 0.09077152345679013 0.7234328166666667 0.09660358765432099 0.7202584555555556 0.11057686913580246 0.7252556270833334 0.11612812098765432 0.7325425152777778 0.11187030370370371 0.7436294993055556 0.1149221 0.7513323840277778 0.1028912925925926
0 0.9292489138888889 0.23259533209876543 0.9281554020833334 0.22417485061728396 0.9163399902777779 0.2264901925925926 0.9142582708333333 0.2324127666666667 0.9151437847222221 0.24471974320987655 0.9205051701388889 0.24758742592592592 0.9268029805555555 0.241201475308642 0.9292489138888889 0.23259533209876543
0 0.9323136180555556 0.11350256296296297 0.9290339520833333 0.10471230617283951 0.9163856784722223 0.10610244074074074 0.9127944513888888 0.11137752222222223 0.9136799652777777 0.1236845 0.9186771368055555 0.12923575185185185 0.9290348229166666 0.1211834962962963 0.9323136180555556 0.11350256296296297
0 0.5206909979166666 0.022702165432098763 0.5184004104166666 0.016040043209876544 0.5090835840277778 0.02113101234567901 0.5051281430555556 0.029089664197530864 0.5060654388888889 0.03630721975308642 0.5112706083333334 0.03797197654320988 0.5182450645833333 0.03130830740740741 0.5206909979166666 0.022702165432098763
0 0.14910710625 0.15240545308641976 0.1574348548611111 0.14518634938271605 0.15972457222222222 0.13537728148148148 0.1579544138888889 0.1272345160493827 0.14577478819444445 0.13223342839506172 0.1444223673611111 0.14926005308641976 0.14910710625 0.15240545308641976
0 0.6219603083333334 0.5994545135802469 0.6207623624999999 0.5847416839506173 0.6121739638888889 0.5844655148148148 0.6106126743055555 0.5889074444444444 0.6164953597222222 0.606765674074074 0.6219603083333334 0.5994545135802469
0 0.7510934958333334 0.5071757728395061 0.7510926256944443 0.4907045827160494 0.7425042270833333 0.49042841234567897 0.734019392361111 0.4799734 0.7245981319444444 0.4787720209876543 0.7134075840277778 0.48589906790123455 0.7111178666666667 0.49570813703703703 0.7187698395833334 0.5052379407407407 0.7344371291666666 0.5051427888888889 0.7431299618055556 0.5117113061728394 0.7510934958333334 0.5071757728395061
0 0.8110464944444444 0.32672294320987655 0.8094843347222221 0.31469368395061725 0.8068295326388889 0.31071513086419755 0.7973564909722222 0.31460317407407407 0.7907989000000001 0.3299650432098765 0.8011574569444444 0.3383839765432099 0.8072472694444445 0.3358845209876543 0.8110464944444444 0.32672294320987655
0 0.6564518381944444 0.2558671259259259 0.6542648145833334 0.23902616296296295 0.6474983555555556 0.24180333580246913 0.6430224847222222 0.2512426308641975 0.64828030625 0.26428915555555554 0.6564518381944444 0.2558671259259259
0 0.6131430201388889 0.20775627654320988 0.6091867083333333 0.19924373827160494 0.5910208333333333 0.19656326296296295 0.5849836729166666 0.2104444888888889 0.5764997083333333 0.21646066543209874 0.5762399291666667 0.22543658271604938 0.5800400243055556 0.2327461950617284 0.6148096145833333 0.2260778839506173 0.6131430201388889 0.20775627654320988
0 0.5562360229166666 0.9001109814814814 0.5537374368055555 0.8973353555555555 0.5472834104166667 0.9025183814814814 0.5452543430555555 0.9198227234567902 0.5560806770833333 0.9153792456790123 0.5562360229166666 0.9001109814814814
0 0.5709642749999999 0.8598558938271605 0.5695065493055556 0.8541189814814815 0.5622714423611112 0.8532873765432099 0.5582642194444445 0.8663354493827161 0.5589935173611111 0.8774395012345679 0.5664366222222222 0.8743846098765432 0.5709642749999999 0.8598558938271605