0 0.4076388888888889 0.48518518518518516 0.4076388888888889 0.4901234567901235 0.4201388888888889 0.5 0.4215277777777778 0.5074074074074074 0.4375 0.5271604938271605 0.43819444444444444 0.5432098765432098 0.4465277777777778 0.5555555555555556 0.44722222222222224 0.5703703703703704 0.45555555555555555 0.5802469135802469 0.4548611111111111 0.591358024691358 0.45694444444444443 0.5950617283950618 0.4666666666666667 0.5975308641975309 0.47430555555555554 0.5938271604938271 0.4826388888888889 0.6135802469135803 0.4875 0.6148148148148148 0.4888888888888889 0.6111111111111112 0.49722222222222223 0.6222222222222222 0.5 0.6160493827160494 0.50625 0.6160493827160494 0.5076388888888889 0.608641975308642 0.4979166666666667 0.562962962962963 0.5020833333333333 0.5407407407407407 0.50625 0.5358024691358024 0.5013888888888889 0.5135802469135803 0.49166666666666664 0.4888888888888889 0.4798611111111111 0.4802469135802469 0.46597222222222223 0.454320987654321 0.45208333333333334 0.46296296296296297 0.44375 0.4802469135802469 0.4236111111111111 0.4876543209876543 0.4076388888888889 0.48518518518518516
0 0.6347222222222222 0.48641975308641977 0.6381944444444444 0.49506172839506174 0.6520833333333333 0.4962962962962963 0.6520833333333333 0.47901234567901235 0.6555555555555556 0.4728395061728395 0.6729166666666667 0.47530864197530864 0.6805555555555556 0.4679012345679012 0.6777777777777778 0.454320987654321 0.6736111111111112 0.454320987654321 0.6583333333333333 0.43703703703703706 0.6506944444444445 0.40987654320987654 0.64375 0.40617283950617283 0.6381944444444444 0.3950617283950617 0.61875 0.39382716049382716 0.6097222222222223 0.3987654320987654 0.6027777777777777 0.40617283950617283 0.5979166666666667 0.4185185185185185 0.5944444444444444 0.4345679012345679 0.5993055555555555 0.4506172839506173 0.6208333333333333 0.4839506172839506 0.6347222222222222 0.48641975308641977
0 0.7722222222222223 0.3851851851851852 0.7548611111111111 0.36049382716049383 0.7506944444444444 0.36049382716049383 0.75 0.36419753086419754 0.7590277777777777 0.3802469135802469 0.7673611111111112 0.3888888888888889 0.7722222222222223 0.3851851851851852
0 0.7229166666666667 0.3333333333333333 0.7402777777777778 0.345679012345679 0.7347222222222223 0.3296296296296296 0.7270833333333333 0.3197530864197531 0.7243055555555555 0.30987654320987656 0.7270833333333333 0.3012345679012346 0.7243055555555555 0.2938271604938272 0.7 0.27901234567901234 0.6847222222222222 0.28271604938271605 0.6840277777777778 0.29506172839506173 0.6888888888888889 0.3074074074074074 0.7104166666666667 0.3160493827160494 0.7229166666666667 0.3333333333333333
0 0.66875 0.36419753086419754 0.6694444444444444 0.3530864197530864 0.6631944444444444 0.34074074074074073 0.6423611111111112 0.3333333333333333 0.6354166666666666 0.3506172839506173 0.6430555555555556 0.36666666666666664 0.6597222222222222 0.3728395061728395 0.66875 0.36419753086419754
0 0.8451388888888889 0.762962962962963 0.8652777777777778 0.7975308641975308 0.8736111111111111 0.7975308641975308 0.8847222222222222 0.7876543209876543 0.8902777777777777 0.7876543209876543 0.8986111111111111 0.7777777777777778 0.9013888888888889 0.7641975308641975 0.90625 0.7567901234567901 0.9173611111111111 0.7518518518518519 0.9159722222222222 0.7358024691358025 0.9034722222222222 0.7148148148148148 0.8861111111111111 0.6975308641975309 0.8722222222222222 0.6728395061728395 0.8652777777777778 0.6679012345679012 0.8513888888888889 0.6691358024691358 0.85625 0.6888888888888889 0.8506944444444444 0.6962962962962963 0.8472222222222222 0.7086419753086419 0.8472222222222222 0.717283950617284 0.8534722222222222 0.7333333333333333 0.84375 0.7506172839506173 0.8451388888888889 0.762962962962963
0 0.9465277777777777 0.23333333333333334 0.9583333333333334 0.2345679012345679 0.9631944444444445 0.22839506172839505 0.9576388888888889 0.21358024691358024 0.9486111111111111 0.20617283950617285 0.9409722222222222 0.2074074074074074 0.9361111111111111 0.21604938271604937 0.9201388888888888 0.22098765432098766 0.9194444444444444 0.22962962962962963 0.93125 0.2506172839506173 0.9395833333333333 0.24814814814814815 0.9465277777777777 0.23333333333333334
0 0.7006944444444444 0.08395061728395062 0.7006944444444444 0.07654320987654321 0.6895833333333333 0.06419753086419754 0.68125 0.06419753086419754 0.6784722222222223 0.0691358024691358 0.6791666666666667 0.07901234567901234 0.6854166666666667 0.08765432098765433 0.6979166666666666 0.08888888888888889 0.7006944444444444 0.08395061728395062
0 0.2569444444444444 0.762962962962963 0.26319444444444445 0.7716049382716049 0.2708333333333333 0.7728395061728395 0.2798611111111111 0.7580246913580246 0.2916666666666667 0.754320987654321 0.29930555555555555 0.7345679012345679 0.3076388888888889 0.7320987654320987 0.3076388888888889 0.7283950617283951 0.30069444444444443 0.7234567901234568 0.30069444444444443 0.7123456790123457 0.3090277777777778 0.7012345679012346 0.2923611111111111 0.6925925925925925 0.275 0.6765432098765433 0.2708333333333333 0.6753086419753086 0.26805555555555555 0.682716049382716 0.25416666666666665 0.6938271604938272 0.2361111111111111 0.6950617283950618 0.21944444444444444 0.6888888888888889 0.21805555555555556 0.6975308641975309 0.22013888888888888 0.7024691358024692 0.24722222222222223 0.7246913580246913 0.2569444444444444 0.762962962962963
0 0.04722222222222222 0.9111111111111111 0.04513888888888889 0.9074074074074074 0.03958333333333333 0.9148148148148149 0.034027777777777775 0.9395061728395062 0.03333333333333333 0.9469135802469136 0.0375 0.9493827160493827 0.04652777777777778 0.9246913580246914 0.04722222222222222 0.9111111111111111
0 0.06527777777777778 0.645679012345679 0.06388888888888888 0.6345679012345679 0.06041666666666667 0.6296296296296297 0.05138888888888889 0.6296296296296297 0.04791666666666667 0.6345679012345679 0.04722222222222222 0.6419753086419753 0.050694444444444445 0.6506172839506172 0.06041666666666667 0.6518518518518519 0.06527777777777778 0.645679012345679
0 0.17152777777777778 0.3493827160493827 0.16805555555555557 0.34074074074074073 0.15069444444444444 0.337037037037037 0.15 0.3493827160493827 0.15347222222222223 0.35555555555555557 0.16597222222222222 0.3567901234567901 0.17152777777777778 0.3493827160493827
0 0.21736111111111112 0.6358024691358025 0.21597222222222223 0.6259259259259259 0.2048611111111111 0.6135802469135803 0.19583333333333333 0.6185185185185185 0.20347222222222222 0.654320987654321 0.20833333333333334 0.6666666666666666 0.2125 0.6691358024691358 0.21736111111111112 0.6358024691358025
0 0.45555555555555555 0.7283950617283951 0.44722222222222224 0.737037037037037 0.44305555555555554 0.7358024691358025 0.44305555555555554 0.7469135802469136 0.44722222222222224 0.762962962962963 0.4513888888888889 0.7666666666666667 0.4618055555555556 0.8098765432098766 0.46875 0.8123456790123457 0.4701388888888889 0.8185185185185185 0.4979166666666667 0.8185185185185185 0.5013888888888889 0.8246913580246914 0.5208333333333334 0.825925925925926 0.5277777777777778 0.8098765432098766 0.5395833333333333 0.7962962962962963 0.5416666666666666 0.7716049382716049 0.5493055555555556 0.762962962962963 0.5486111111111112 0.7419753086419754 0.5631944444444444 0.7320987654320987 0.5569444444444445 0.7222222222222222 0.5395833333333333 0.7185185185185186 0.5361111111111111 0.7049382716049383 0.53125 0.7 0.53125 0.6814814814814815 0.5354166666666667 0.674074074074074 0.5256944444444445 0.6666666666666666 0.5208333333333334 0.6641975308641975 0.5125 0.6703703703703704 0.5055555555555555 0.662962962962963 0.50625 0.6580246913580247 0.48194444444444445 0.6567901234567901 0.45555555555555555 0.6691358024691358 0.46458333333333335 0.6790123456790124 0.4666666666666667 0.7 0.4548611111111111 0.7222222222222222 0.45555555555555555 0.7283950617283951
0 0.6777777777777778 0.9765432098765432 0.6625 0.9740740740740741 0.6576388888888889 0.9777777777777777 0.6590277777777778 0.9987654320987654 0.6826388888888889 0.9962962962962963 0.6826388888888889 0.9864197530864197 0.6777777777777778 0.9765432098765432
0 0.7944444444444444 0.8407407407407408 0.7868055555555555 0.8395061728395061 0.7826388888888889 0.8493827160493828 0.7826388888888889 0.8617283950617284 0.7902777777777777 0.8728395061728395 0.7993055555555556 0.8567901234567902 0.7944444444444444 0.8407407407407408
0 0.7527777777777778 0.7209876543209877 0.75 0.7123456790123457 0.74375 0.7074074074074074 0.7319444444444444 0.7074074074074074 0.7284722222222222 0.7135802469135802 0.7291666666666666 0.7246913580246913 0.74375 0.7358024691358025 0.75 0.7320987654320987 0.7527777777777778 0.7209876543209877
0 0.9944444444444445 0.8271604938271605 0.9958333333333333 0.8135802469135802 0.9868055555555556 0.7987654320987654 0.98125 0.7950617283950617 0.9736111111111111 0.8061728395061728 0.9729166666666667 0.8135802469135802 0.9777777777777777 0.8234567901234567 0.9861111111111112 0.8296296296296296 0.9944444444444445 0.8271604938271605
0 0.8298611111111112 0.8 0.8215277777777777 0.7851851851851852 0.8194444444444444 0.7728395061728395 0.8145833333333333 0.7802469135802469 0.8138888888888889 0.7950617283950617 0.8180555555555555 0.8061728395061728 0.8298611111111112 0.8061728395061728 0.8298611111111112 0.8
0 0.8416666666666667 0.6148148148148148 0.8409722222222222 0.6037037037037037 0.8354166666666667 0.5938271604938271 0.8222222222222222 0.591358024691358 0.8215277777777777 0.5987654320987654 0.8270833333333333 0.6111111111111112 0.8333333333333334 0.6172839506172839 0.8416666666666667 0.6148148148148148
0 0.7569444444444444 0.5765432098765432 0.7513888888888889 0.5679012345679012 0.7368055555555556 0.5728395061728395 0.7347222222222223 0.5765432098765432 0.7361111111111112 0.5888888888888889 0.7555555555555555 0.591358024691358 0.7569444444444444 0.5765432098765432
0 0.5715277777777777 0.5666666666666667 0.5680555555555555 0.5567901234567901 0.5527777777777778 0.5481481481481482 0.5361111111111111 0.5530864197530864 0.5340277777777778 0.5604938271604938 0.5416666666666666 0.5728395061728395 0.5659722222222222 0.5790123456790124 0.5715277777777777 0.5666666666666667
0 0.7854166666666667 0.45555555555555555 0.7784722222222222 0.4444444444444444 0.7652777777777777 0.445679012345679 0.7645833333333333 0.454320987654321 0.7708333333333334 0.4617283950617284 0.7798611111111111 0.46296296296296297 0.7854166666666667 0.45555555555555555
0 0.8027777777777778 0.4308641975308642 0.7944444444444444 0.41975308641975306 0.7895833333333333 0.41728395061728396 0.7847222222222222 0.4222222222222222 0.7847222222222222 0.4419753086419753 0.7965277777777777 0.44814814814814813 0.8048611111111111 0.445679012345679 0.8027777777777778 0.4308641975308642
0 0.80625 0.4666666666666667 0.8083333333333333 0.48148148148148145 0.8229166666666666 0.4901234567901235 0.8180555555555555 0.4703703703703704 0.80625 0.4666666666666667
0 0.8208333333333333 0.2740740740740741 0.8173611111111111 0.2580246913580247 0.8069444444444445 0.254320987654321 0.8069444444444445 0.2654320987654321 0.8118055555555556 0.2765432098765432 0.81875 0.2777777777777778 0.8208333333333333 0.2740740740740741
0 0.6777777777777778 0.16913580246913582 0.6694444444444444 0.15925925925925927 0.6590277777777778 0.16296296296296298 0.6597222222222222 0.17407407407407408 0.6659722222222222 0.18024691358024691 0.6736111111111112 0.18024691358024691 0.6777777777777778 0.16913580246913582
0 0.1909722222222222 0.25555555555555554 0.19027777777777777 0.24567901234567902 0.1840277777777778 0.23950617283950618 0.17847222222222223 0.23950617283950618 0.16944444444444445 0.24814814814814815 0.16875 0.2617283950617284 0.175 0.26666666666666666 0.18541666666666667 0.26666666666666666 0.1909722222222222 0.25555555555555554
0 0.23194444444444445 0.21604938271604937 0.2361111111111111 0.20864197530864198 0.23125 0.1962962962962963 0.21666666666666667 0.1962962962962963 0.20625 0.2037037037037037 0.2048611111111111 0.21358024691358024 0.21388888888888888 0.2222222222222222 0.22430555555555556 0.21481481481481482 0.23194444444444445 0.21604938271604937
0 0.06319444444444444 0.41728395061728396 0.0625 0.4049382716049383 0.059722222222222225 0.4 0.04791666666666667 0.4024691358024691 0.04791666666666667 0.4111111111111111 0.05138888888888889 0.4185185185185185 0.058333333333333334 0.4222222222222222 0.06319444444444444 0.41728395061728396
0 0.049305555555555554 0.29876543209876544 0.04861111111111111 0.28641975308641976 0.044444444444444446 0.28271604938271605 0.03194444444444444 0.28641975308641976 0.029861111111111113 0.2962962962962963 0.034027777777777775 0.30246913580246915 0.04513888888888889 0.30617283950617286 0.049305555555555554 0.29876543209876544
0 0.016666666666666666 0.07777777777777778 0.013194444444444444 0.06790123456790123 0.009722222222222222 0.06419753086419754 0.003472222222222222 0.06790123456790123 0.002777777777777778 0.07777777777777778 0.005555555555555556 0.08641975308641975 0.01597222222222222 0.08888888888888889 0.016666666666666666 0.07777777777777778
0 0.041666666666666664 0 0.04097222222222222 0.012345679012345678 0.04791666666666667 0.020987654320987655 0.059027777777777776 0.020987654320987655 0.06458333333333334 0.009876543209876543 0.0625 0 0.041666666666666664 0
0 0.09444444444444444 0 0.09444444444444444 0.012345679012345678 0.1 0.018518518518518517 0.11527777777777778 0.01728395061728395 0.12152777777777778 0.008641975308641974 0.12083333333333333 0 0.09444444444444444 0
0 0.13680555555555557 0 0.14027777777777778 0.018518518518518517 0.14791666666666667 0.01728395061728395 0.14930555555555555 0.012345679012345678 0.14652777777777778 0 0.13680555555555557 0
0 0.2604166666666667 0.05432098765432099 0.25972222222222224 0.04567901234567901 0.25555555555555554 0.03950617283950617 0.24861111111111112 0.03950617283950617 0.24027777777777778 0.04814814814814815 0.24027777777777778 0.05925925925925926 0.24791666666666667 0.07160493827160494 0.2548611111111111 0.07160493827160494 0.2604166666666667 0.05432098765432099
0 0.4354166666666667 0.050617283950617285 0.4354166666666667 0.043209876543209874 0.4305555555555556 0.037037037037037035 0.42083333333333334 0.03580246913580247 0.41944444444444445 0.043209876543209874 0.42291666666666666 0.050617283950617285 0.4305555555555556 0.05432098765432099 0.4354166666666667 0.050617283950617285
0 0.7861111111111111 0 0.7854166666666667 0.008641975308641974 0.7888888888888889 0.01728395061728395 0.7979166666666667 0.020987654320987655 0.8020833333333334 0.016049382716049384 0.7986111111111112 0 0.7861111111111111 0
0 0.4013888888888889 0.6271604938271605 0.39305555555555555 0.6308641975308642 0.39375 0.645679012345679 0.4 0.6506172839506172 0.40347222222222223 0.6308641975308642 0.4013888888888889 0.6271604938271605
0 0.2875 0.5925925925925926 0.29375 0.5802469135802469 0.2902777777777778 0.571604938271605 0.27847222222222223 0.5691358024691358 0.26944444444444443 0.5740740740740741 0.2625 0.5876543209876544 0.25416666666666665 0.591358024691358 0.25625 0.6074074074074074 0.26458333333333334 0.608641975308642 0.2722222222222222 0.5987654320987654 0.2875 0.5925925925925926
0 0.1951388888888889 0.4506172839506173 0.18680555555555556 0.4382716049382716 0.17708333333333334 0.4382716049382716 0.175 0.44320987654320987 0.175 0.45555555555555555 0.1798611111111111 0.46296296296296297 0.18611111111111112 0.46296296296296297 0.1951388888888889 0.4506172839506173
0 0.3236111111111111 0.3074074074074074 0.31666666666666665 0.3074074074074074 0.31666666666666665 0.32469135802469135 0.32569444444444445 0.3296296296296296 0.32916666666666666 0.3148148148148148 0.3236111111111111 0.3074074074074074
0 0.3909722222222222 0.26296296296296295 0.38958333333333334 0.254320987654321 0.38055555555555554 0.2518518518518518 0.3729166666666667 0.24074074074074073 0.35555555555555557 0.2506172839506173 0.3527777777777778 0.26049382716049385 0.35347222222222224 0.27901234567901234 0.38819444444444445 0.2716049382716049 0.3909722222222222 0.26296296296296295
0 0.5048611111111111 0.9111111111111111 0.4979166666666667 0.908641975308642 0.49583333333333335 0.9123456790123456 0.4979166666666667 0.9271604938271605 0.5090277777777777 0.9271604938271605 0.5048611111111111 0.9111111111111111
0 0.4895833333333333 0.8802469135802469 0.4840277777777778 0.8691358024691358 0.47708333333333336 0.8728395061728395 0.47638888888888886 0.8790123456790123 0.4826388888888889 0.891358024691358 0.49027777777777776 0.891358024691358 0.4895833333333333 0.8802469135802469