0 0.5467606659722223 0.4585554728395062 0.5326364006944444 0.45121758641975307 0.5195297784722223 0.47840022839506174 0.5079948131944444 0.48812876913580244 0.49901280277777776 0.5136908604938272 0.49481255347222225 0.536334913580247 0.49911888749999994 0.5408787444444444 0.5039340430555556 0.562682837037037 0.4955698881944444 0.6092038209876542 0.49717494027777775 0.6164718518518518 0.503416375 0.6158903407407408 0.5063720680555556 0.6217962716049383 0.51436688125 0.6099250407407407 0.5158629 0.6134944444444445 0.5206810041666667 0.6118092814814815 0.52842140625 0.5913079185185185 0.5361588597222222 0.5942958111111112 0.5457950694444444 0.5909254876543211 0.5477665145833334 0.5870330222222222 0.5467459215277778 0.5760017518518519 0.5547770791666667 0.5653633962962963 0.5550344388888889 0.5505042716049383 0.5629929076388889 0.5374001654320988 0.5632139229166667 0.5213081654320988 0.5785827451388889 0.5000960666666666 0.5797516638888889 0.49256958641975307 0.5919437777777777 0.48154355802469134 0.5917984006944444 0.4766120530864198 0.5759207562499999 0.480563887654321 0.5555914006944445 0.4750403888888889 0.5467606659722223 0.4585554728395062
0 0.40375873472222223 0.4434448456790123 0.39981879305555557 0.42774051975308647 0.3946009 0.41586404567901236 0.38744790625 0.40911291234567904 0.3782871229166667 0.4050213691358025 0.3589056708333333 0.4080633888888889 0.35368482916666666 0.41967617037037036 0.3468589347222222 0.4240209209876543 0.34003009166666665 0.45185492839506175 0.3252820736111111 0.4705366617283951 0.3211211173611111 0.4709243358024691 0.3187469347222222 0.48474442098765436 0.3265934215277778 0.49143094074074073 0.3438580506944445 0.48734988148148145 0.34750723680555556 0.4931912 0.3480160583333333 0.5104514641975308 0.36184956875 0.5079263419753086 0.36506262152777774 0.49897314938271603 0.3788597875 0.495215150617284 0.3993767625 0.4599245185185185 0.40375873472222223 0.4434448456790123
0 0.24634473055555553 0.38764406790123457 0.2455422048611111 0.3840100530864197 0.24138124861111113 0.38439772716049386 0.22477081805555557 0.41067055308641975 0.22973430069444442 0.4139168950617284 0.23780180277777777 0.40451141604938273 0.24634473055555553 0.38764406790123457
0 0.3101912534722222 0.3124648469135803 0.30913431597222224 0.3002006987654321 0.29376844305555555 0.2979235419753086 0.26993233055555554 0.3149794839506173 0.2673764256944445 0.32263518888888887 0.2704048076388889 0.33100687160493825 0.2679215923611111 0.3411283283950617 0.26058392708333333 0.3517020703703703 0.2555084625 0.3682463567901234 0.27248233680555556 0.35430229012345676 0.2844563840277778 0.33587900493827166 0.30570024791666667 0.32524589259259257 0.3101912534722222 0.3124648469135803
0 0.3603712430555555 0.3634214049382716 0.35292749375 0.3468072641975309 0.3323407784722222 0.35614288888888884 0.32646278819444446 0.3690531592592593 0.3274833805555556 0.3800844308641975 0.3367531972222222 0.3878746024691358 0.35321530069444446 0.38015952716049384 0.3603712430555555 0.3634214049382716
0 0.15965025069444444 0.7492923160493827 0.15939583958333334 0.7406621839506173 0.15556493194444443 0.7286564864197531 0.1497989236111111 0.7217761283950617 0.15407186180555557 0.7015978271604938 0.14016566319444446 0.7016571975308641 0.13337611319444445 0.70723482345679 0.12023314722222221 0.7331845888888888 0.10340465069444443 0.7520601604938272 0.0915396361111111 0.7741820728395062 0.09062512847222222 0.7903386851851852 0.10186638958333333 0.7942363925925925 0.10693890555555555 0.801181361728395 0.11011266458333334 0.8144845481481482 0.1187253326388889 0.8235722086419753 0.124273275 0.8230553098765432 0.1356599138888889 0.8318845209876543 0.1439818263888889 0.8311091740740741 0.1630754722222222 0.7947148901234568 0.16409901319444445 0.7822569061728395 0.15388129375 0.7659012148148149 0.15965025069444444 0.7492923160493827
0 0.07317096319444444 0.26902598641975306 0.07222305902777777 0.26046046790123456 0.05612734861111111 0.25701504691358024 0.05101848888888889 0.2488372 0.043353724305555556 0.24831505925925926 0.03455638541666667 0.256552275308642 0.02944457638888889 0.27186368518518517 0.034480747222222226 0.27757577901234565 0.046233779861111116 0.2752444938271605 0.05360483958333333 0.28939288271604935 0.06199944166666667 0.291083287654321 0.07317096319444444 0.26902598641975306
0 0.30868542986111114 0.09625926543209877 0.3090881673611111 0.08633164567901234 0.30616881875 0.08165859135802468 0.29784690555555554 0.08243393827160495 0.28711446597222223 0.0957964950617284 0.2873325326388889 0.10319375061728396 0.29025188125 0.10786680493827161 0.30269840625 0.10547090864197531 0.30868542986111114 0.09625926543209877
0 0.7873731555555555 0.6710275641975308 0.7857317590277778 0.6625266567901236 0.7692696555555555 0.6702417320987655 0.7512025 0.670688775308642 0.7370055458333333 0.6608851382716049 0.7340135083333333 0.6537463308641975 0.7298888965277778 0.6553668814814815 0.7130240555555556 0.6730095765432098 0.6966346409722222 0.6831904024691359 0.7052836534722222 0.6935109395061729 0.7056107534722222 0.7046068222222223 0.6988212034722222 0.7101844493827161 0.6989302368055555 0.7138830777777777 0.7073248381944445 0.7155734814814815 0.71553476875 0.734588761728395 0.7274331784722221 0.7371889814814815 0.736884717361111 0.7511435333333333 0.7444767930555555 0.7491999222222222 0.7504638166666666 0.7399882790123457 0.7590460381944444 0.7008645518518518 0.7854380548611111 0.6761529049382716 0.7873731555555555 0.6710275641975308
0 0.9791837944444445 0.9028816407407407 0.9782722347222221 0.8955489975308641 0.9719974048611112 0.8714083765432099 0.9662313965277778 0.8645280185185186 0.9642599513888889 0.8684204839506173 0.9653532326388888 0.8819175074074074 0.9750955263888889 0.9057350666666667 0.9791837944444445 0.9028816407407407
0 0.9563368694444444 0.5996535222222222 0.9554253097222222 0.5923208790123458 0.9518124687499999 0.5877124358024691 0.9427970631944445 0.5885523962962963 0.9394749770833334 0.5938069617283951 0.9384150916666667 0.6050320691358025 0.9434512625 0.610744162962963 0.9531238166666667 0.6086067160493827 0.9563368694444444 0.5996535222222222
0 0.8450863187500001 0.31702453703703704 0.8440293819444444 0.3047603888888889 0.8268010965277779 0.31007432469135804 0.82358804375 0.3190275172839506 0.8293540520833333 0.325907875308642 0.8418005770833333 0.32351197777777774 0.8450863187500001 0.31702453703703704
0 0.8006644486111111 0.6265200481481482 0.8072388805555556 0.5900559098765432 0.7980780972222222 0.5859643654320988 0.787345657638889 0.5993269209876544 0.7862494277777778 0.6093191543209877 0.7920851756944444 0.6421545185185186 0.79617344375 0.6393010938271605 0.8006644486111111 0.6265200481481482
0 0.5406380694444445 0.6754717888888889 0.5493627194444445 0.6647688209876543 0.5226465513888889 0.6548953283950618 0.4984106506944444 0.6583896345679012 0.49924952083333335 0.663256525925926 0.4925326597222222 0.6712999049382716 0.484029025 0.6659108728395061 0.4792472645833333 0.6688289111111111 0.46975643333333333 0.677130738271605 0.47413545625 0.6841403209876542 0.4746806222222222 0.7026334604938271 0.46997155069444446 0.708017249382716 0.46690387569444447 0.7219019469135803 0.4496755902777778 0.7272158827160493 0.4437249111111111 0.7376604012345679 0.4585790138888889 0.746166550617284 0.4585033763888889 0.7671900543209876 0.46638620694444444 0.775109450617284 0.4691935736111111 0.7995731333333332 0.4813827388888889 0.8120363592592593 0.48879014305555557 0.8274176246913579 0.5081715951388889 0.8243756049382716 0.5114573368055555 0.817888162962963 0.5391970465277778 0.8153036716049383 0.5404023097222221 0.8090100666666666 0.5472645479166667 0.8058981925925927 0.5563948847222222 0.7617783493827162 0.5604468076388889 0.7576920469135802 0.5641352868055556 0.741276986419753 0.5638081868055556 0.7301811024691358 0.559683575 0.7318016518518518 0.5511072513888888 0.7239468679012346 0.5516190222222223 0.7177178753086421 0.5391754465277778 0.6966245172839506 0.5406380694444445 0.6754717888888889
0 0.3563430006944444 1 0.35664243819444447 0.9917899901234567 0.35167895555555556 0.9885436481481482 0.33649480416666666 0.9924308703703704 0.33314606875 1 0.3563430006944444 1
0 0.22839737152777778 0.887529861728395 0.22803392708333334 0.8752011024691358 0.22358221527777777 0.8657257679012346 0.21599013958333332 0.8676693790123456 0.21160816805555555 0.8841490530864198 0.22109605069444443 0.8993364802469136 0.22839737152777778 0.887529861728395
0 0.27776208194444446 0.7457054827160493 0.27812847430555554 0.7345449864197531 0.2744792888888889 0.7287036679012345 0.2626899125 0.7298020765432098 0.2565938555555556 0.7353150913580248 0.25407429583333335 0.7442036728395062 0.25717536597222224 0.7550411074074074 0.26352583402777774 0.758158224691358 0.27776208194444446 0.7457054827160493
0 0.03696293055555555 0.8571514666666666 0.03605137083333333 0.8498188234567902 0.028095851388888888 0.8394336740740741 0.02265694305555556 0.8436492012345679 0.014077670138888889 0.8592836728395061 0.015864444444444445 0.8727160839506173 0.024259045833333333 0.874406487654321 0.03239923680555556 0.8674667604938271 0.03696293055555555 0.8571514666666666
0 0.1952276 0.823862112345679 0.19409797430555556 0.809132213580247 0.18902545833333334 0.8021872432098766 0.18730842430555555 0.8147098395061729 0.17942264444444445 0.8302796987654322 0.17960436666666668 0.8364440790123457 0.19139374305555557 0.8353456703703704 0.1952276 0.823862112345679
0 0.18182041805555554 0.6285455691358025 0.18090885902777779 0.621212924691358 0.16780518541666667 0.6249063111111111 0.16254799930555555 0.6352862160493826 0.16218160625 0.6464467123456791 0.1705762076388889 0.6481371172839506 0.1766359201388889 0.6413912271604938 0.18182041805555554 0.6285455691358025
0 0.2678528104166667 0.5982772641975308 0.26566329861111115 0.5947724740740741 0.2509545736111111 0.5911978283950617 0.24566104236111108 0.6003448580246914 0.2474841611111111 0.6150101444444445 0.26682926875 0.6107352493827161 0.2678528104166667 0.5982772641975308
0 0.4677997326388889 0.563576924691358 0.4655011875 0.5563735061728394 0.44871198472222223 0.5529926975308642 0.4337095555555555 0.563044298765432 0.43053284722222224 0.5732303679012346 0.4364442326388889 0.5850422296296296 0.46053475624999995 0.5766164197530864 0.4677997326388889 0.563576924691358
0 0.23443452569444442 0.47900087283950615 0.23348662222222222 0.47043535308641976 0.2202739159722222 0.4704301098765432 0.21366608819444444 0.4821721172839506 0.21943209652777776 0.48905247407407404 0.22841115763888886 0.48697963827160495 0.23443452569444442 0.47900087283950615
0 0.21395979236111112 0.4685458691358025 0.21337828194444444 0.44881985308641975 0.20837845486111112 0.44434063580246913 0.20359669444444445 0.44725867407407405 0.19560188125000003 0.4591299049382716 0.1939575361111111 0.47411825308641975 0.20235213749999997 0.47580865802469136 0.21395979236111112 0.4685458691358025
0 0.19154406041666666 0.5101947185185185 0.19318840555555555 0.4952063691358025 0.18150806249999998 0.5000034061728396 0.17723512430555555 0.5201817074074073 0.19154406041666666 0.5101947185185185
0 0.18657077361111113 0.2943121987654321 0.18624367361111113 0.2832163148148148 0.17595031597222224 0.28788412716049383 0.17295532986111112 0.30423457654320984 0.17514484097222222 0.3077393679012346 0.18204342430555556 0.3058603691358025 0.18657077361111113 0.2943121987654321
0 0.33090174652777776 0.18938157160493826 0.3312681388888889 0.17822107530864198 0.32075671527777777 0.17549163209876545 0.3127255576388889 0.1861299864197531 0.31721361388888886 0.1968381975308642 0.3248420340277778 0.19612746172839507 0.33090174652777776 0.18938157160493826
0 0.8237815618055555 0.23123487530864198 0.8226882798611111 0.21773785185185185 0.8134184638888888 0.20994767901234565 0.8078705222222222 0.21046457777777777 0.8018108097222222 0.21721046790123458 0.8014080722222222 0.2271380888888889 0.8072831138888888 0.23771707407407405 0.817685504861111 0.2367478888888889 0.8237815618055555 0.23123487530864198
0 0.7863025069444444 0.18651255185185184 0.7846247666666667 0.17677876790123456 0.7740043090277778 0.1703506962962963 0.7594409618055555 0.17170755432098767 0.7549499569444446 0.1844886 0.7593289791666666 0.19149818271604938 0.7669210548611111 0.18955457160493824 0.7775415124999999 0.19598264320987652 0.7863025069444444 0.18651255185185184
0 0.9488469708333332 0.3691703283950617 0.9485925604166667 0.3605401962962963 0.9367304951388888 0.3591728530864197 0.9341019013888888 0.3643628061728395 0.9337718527777779 0.3767561790123457 0.9387716798611111 0.3812353962962963 0.9455975736111111 0.37689064567901237 0.9488469708333332 0.3691703283950617
0 0.9634977513888889 0.25283294320987654 0.9611265180555555 0.2431637728395062 0.9485346159722222 0.24062816666666667 0.9444826923611112 0.24471446790123455 0.9441526437500001 0.25710783950617283 0.9485316666666667 0.26411742222222223 0.959518517361111 0.2593849975308642 0.9634977513888889 0.25283294320987654
0 0.9841110069444444 0.032094017283950615 0.9831267590277777 0.02229562222222222 0.9767762909722222 0.019178504938271605 0.9734178604166666 0.023200195061728397 0.9702411520833334 0.033386264197530865 0.9712617444444445 0.044417534567901235 0.9815914465277777 0.0409825987654321 0.9841110069444444 0.032094017283950615
0 0.7463913263888888 0.03569828148148148 0.7460642263888889 0.024602398765432097 0.7374879027777779 0.016747613580246914 0.7305529756944444 0.017393737037037036 0.7265737409722222 0.02394579012345679 0.7261346590277777 0.03264053456790123 0.7321914229166667 0.0493839 0.73912635 0.048737776543209876 0.7463913263888888 0.03569828148148148
0 0.5669977236111111 0.036340865432098766 0.5653926715277777 0.029072834567901232 0.5557201180555555 0.031210282716049382 0.5510473909722222 0.03782694814814815 0.5512654576388889 0.045224203703703704 0.5562289395833333 0.04847054567901234 0.5637483263888889 0.044061182716049384 0.5669977236111111 0.036340865432098766
0 0.18838998541666668 0.0493627975308642 0.1972963576388889 0.0448242098765432 0.20050941041666664 0.03587101604938272 0.19956150625 0.027305496296296295 0.1870786375 0.028468518518518518 0.1840836513888889 0.04481896666666666 0.18838998541666668 0.0493627975308642
0 0.6103930291666667 0.6355936839506172 0.6106503888888889 0.6207345592592592 0.6022194423611111 0.6178112790123457 0.6002479979166667 0.6217037444444444 0.6042969722222222 0.6411066987654321 0.6103930291666667 0.6355936839506172
0 0.7465779131944444 0.5845812950617284 0.7481859138888889 0.5683600703703704 0.7397549680555555 0.5654367901234568 0.7324202520833334 0.5525212777777778 0.72325946875 0.5484297333333333 0.71154278125 0.5519938938271605 0.7083297284722222 0.560947087654321 0.7149346069444444 0.5726943358024691 0.7303731694444445 0.5774372456790123 0.7382923444444444 0.5865895185185186 0.7465779131944444 0.5845812950617284
0 0.8232461999999999 0.425377912345679 0.8228827555555556 0.41304915308641976 0.8206569 0.40831148641975307 0.8109480013888889 0.40921605802469135 0.8029895333333333 0.42232016543209877 0.8123683826388889 0.4338089654320988 0.8186098173611112 0.4332274543209877 0.8232461999999999 0.425377912345679
0 0.6779211743055555 0.30787396790123456 0.6774123527777778 0.2906137037037037 0.6704774256944445 0.2912598271604938 0.6651475499999999 0.2991739814814815 0.6690511465277779 0.31364543086419755 0.6779211743055555 0.30787396790123456
0 0.6399696430555556 0.24712425679012345 0.6369049166666667 0.2375196975308642 0.6192768430555555 0.2292719975308642 0.6119755229166667 0.2410786160493827 0.60303280625 0.24438432839506172 0.6019002312499999 0.25314368395061726 0.6049286131944445 0.2615153666666667 0.6398213166666668 0.26568200864197533 0.6399696430555556 0.24712425679012345
0 0.5162999909722222 0.9113929000000001 0.5141104791666666 0.9078881086419753 0.5072482409722222 0.9109999839506173 0.5035597618055555 0.9274150444444444 0.5146556451388888 0.9263812481481483 0.5162999909722222 0.9113929000000001
0 0.5347364881944444 0.8762961049382716 0.5338612729166666 0.870196337037037 0.5268173125 0.8671438320987653 0.5215964708333334 0.8787566135802469 0.5212300777777779 0.8899171098765432 0.5288584972222222 0.889206375308642 0.5347364881944444 0.8762961049382716