0 0.203125 0.1875 0.246875 0.1875 0.3 0.075 0.275 0.041666666666666664 0.240625 0.029166666666666667 0.165625 0.058333333333333334 0.13125 0.04583333333333333 0.125 0.06666666666666667 0.096875 0.0625 0.109375 0.14166666666666666 0.203125 0.1875
0 0.390625 0.5666666666666667 0.409375 0.5791666666666667 0.440625 0.5666666666666667 0.465625 0.5083333333333333 0.5375 0.5 0.50625 0.37916666666666665 0.43125 0.3458333333333333 0.409375 0.35 0.41875 0.4 0.4125 0.5208333333333334 0.3875 0.5375 0.390625 0.5666666666666667
0 0.521875 0.8333333333333334 0.565625 0.8208333333333333 0.5875 0.7916666666666666 0.621875 0.8083333333333333 0.684375 0.7541666666666667 0.671875 0.7083333333333334 0.65 0.6875 0.625 0.6833333333333333 0.571875 0.6333333333333333 0.553125 0.6375 0.540625 0.6625 0.484375 0.6875 0.503125 0.7208333333333333 0.521875 0.8333333333333334
0 0.28125 0.55 0.33125 0.42916666666666664 0.33125 0.35 0.31875 0.3333333333333333 0.221875 0.3333333333333333 0.25 0.4166666666666667 0.228125 0.4666666666666667 0.284375 0.49583333333333335 0.28125 0.55
0 0.159375 0.2791666666666667 0.109375 0.30833333333333335 0.096875 0.35 0.053125 0.39166666666666666 0.13125 0.3416666666666667 0.159375 0.2791666666666667
0 0.121875 0.4666666666666667 0.1375 0.4125 0.09375 0.39166666666666666 0.084375 0.39166666666666666 0.090625 0.45 0.10625 0.4791666666666667 0.121875 0.4666666666666667
0 0 0.4166666666666667 0.0375 0.2625 0.00625 0.1875 0 0.4166666666666667
0 0.6 0 0.603125 0.09166666666666666 0.61875 0 0.6 0
0 0.3 0.10416666666666667 0.29375 0.12916666666666668 0.309375 0.12083333333333333 0.3125 0.0875 0.3 0.10416666666666667
0 0.309375 0.30833333333333335 0.328125 0.2708333333333333 0.3125 0.2875 0.309375 0.30833333333333335
0 0.159375 0.9666666666666667 0.15625 0.9833333333333333 0.16875 0.9875 0.175 0.95 0.159375 0.9666666666666667
0 0.396875 0.85 0.4875 0.7875 0.4 0.8333333333333334 0.396875 0.85