0 0.669086675 0 0.668455528125 0.00037917083333333335 0.64767418125 0.038516595833333334 0.713344284375 0.1385507625 0.756555646875 0.12942541666666668 0.843773996875 0.0646020625 0.846218828125 0 0.669086675 0
0 0.5685170937499999 0.3842841 0.571910378125 0.33294425 0.5498158375 0.33339155416666666 0.479650075 0.3819579458333333 0.4629616875 0.507821725 0.534929503125 0.501060825 0.56646571875 0.5534614958333334 0.598797553125 0.5592894958333333 0.615850134375 0.5430325291666667 0.61551465625 0.5135731416666667 0.58886701875 0.5023261541666667 0.5685170937499999 0.3842841
0 0.47894061250000003 0.6689728875000001 0.4636613625 0.6468879208333332 0.444653346875 0.6466834166666667 0.398048696875 0.7071486083333334 0.373845346875 0.7164784583333332 0.354683953125 0.7416179708333334 0.34771528125 0.7894942583333333 0.41580095312500004 0.8299578375000001 0.447797309375 0.8063264541666667 0.472824996875 0.8305713583333334 0.5175029343750001 0.8337921208333333 0.52282293125 0.7187663208333334 0.537431228125 0.6819325125 0.47894061250000003 0.6689728875000001
0 0.73714493125 0.3655478166666667 0.7551465125 0.2773741625 0.659464203125 0.2975802791666667 0.64907353125 0.31664899583333334 0.658361825 0.3948409875 0.721923115625 0.5037577 0.712481440625 0.450909725 0.76461690625 0.4103695625 0.73714493125 0.3655478166666667
0 0.8805629843749999 0.26776322500000005 0.8633283031250001 0.22921678333333334 0.81052188125 0.2108381708333333 0.845633484375 0.2667024 0.9286629281250001 0.2997915625 0.8805629843749999 0.26776322500000005
0 0.897797665625 0.3063096625 0.8885380875 0.30826509583333334 0.8477710125 0.33796727916666663 0.869558790625 0.3882080125 0.886457996875 0.39729506666666664 0.898468621875 0.3652284375 0.897797665625 0.3063096625
0 0.9840670156250001 0.3134029958333333 0.951006790625 0.08836137083333333 0.9289409687499999 0.1689561 0.9840670156250001 0.3134029958333333
0 0.342568240625 0.027013758333333335 0.324049084375 0.030924620833333336 0.350236584375 0.11820366666666667 0.342568240625 0.027013758333333335
0 0.660202384375 0.0907127625 0.6510961875 0.067324175 0.63679465 0.053469941666666666 0.6437920375 0.08574107916666666 0.660202384375 0.0907127625
0 0.665790634375 0.27093264166666664 0.660259821875 0.2510076125 0.642871759375 0.23780519166666667 0.665790634375 0.27093264166666664
0 0.896225359375 0.9056835666666667 0.8911834031250001 0.8898739041666667 0.87379534375 0.8766714833333332 0.884368115625 0.9124061791666667 0.896225359375 0.9056835666666667
0 0.64291940625 0.8241811791666667 0.63787745 0.8083715166666666 0.546077284375 0.7813531583333333 0.64291940625 0.8241811791666667