0 0.8069795187500001 1 0.8077571562499999 0.9809250083333333 0.726098515625 0.904301025 0.6838392625 0.88920325 0.61068659375 0.9795368875 0.6195473812500001 1 0.8069795187500001 1
0 0.46377778125 0.4870590458333333 0.47050748750000004 0.6145592125 0.5364814499999999 0.6726386458333333 0.558419884375 0.6761628416666666 0.55907004375 0.6246313125 0.58856255625 0.5100721 0.615945940625 0.5026006375000001 0.618589090625 0.4733493875 0.602904409375 0.4548048416666666 0.570292796875 0.4560947875 0.5348213187499999 0.5038131583333334 0.46377778125 0.4870590458333333
0 0.37124480625 0.19086750416666665 0.374421975 0.23945275416666664 0.39150755312499996 0.2671251 0.41484689062499996 0.27977709166666664 0.45645598437499996 0.3464064 0.47537590312500005 0.34885218333333334 0.49230283437500005 0.32901768750000004 0.55148901875 0.32428097083333335 0.5398483875 0.28561296666666663 0.5435751343749999 0.1704758375 0.49888944999999996 0.16745212916666666 0.47209815624999996 0.18807607916666666 0.44212969375 0.160114775 0.37124480625 0.19086750416666665
0 0.7362957406249999 0.7569663666666667 0.7253052656250001 0.6667668333333334 0.7561406093749999 0.6260194333333333 0.707468946875 0.5784351666666667 0.7210019875 0.5271925958333333 0.649250221875 0.6266540291666666 0.633882840625 0.7031231583333334 0.642721675 0.723535575 0.7362957406249999 0.7569663666666667
0 0.8254503874999999 0.7801909541666666 0.7861515812500001 0.8308556041666667 0.8401095375000001 0.8199373708333333 0.86027170625 0.7840041125 0.9106190562500001 0.7588549791666667 0.8254503874999999 0.7801909541666666
0 0.885720171875 0.6895683541666667 0.876289246875 0.6560034541666667 0.8587702281249999 0.6626854625 0.8331631125 0.7096143833333334 0.87137831875 0.7448356125 0.8804338749999999 0.74807085 0.885720171875 0.6895683541666667
0 0.9006385531250001 0.8890124625 0.9162651625 0.9722410250000001 0.966786721875 0.7530398500000001 0.9006385531250001 0.8890124625
0 0.28823916562499996 0.9419832291666667 0.306350275 0.9484537083333334 0.321125565625 0.8588320916666666 0.28823916562499996 0.9419832291666667
0 0.6163482625000001 0.95136405 0.62723815625 0.9293727333333333 0.61052794375 0.9320300499999999 0.60103895 0.9631491666666666 0.6163482625000001 0.95136405
0 0.621533978125 0.7806707 0.63986180625 0.769964 0.646924371875 0.7509189583333333 0.621533978125 0.7806707
0 0.91960515 0.16678159583333332 0.92585890625 0.15176124583333334 0.91459364375 0.14342290416666667 0.9012773218750001 0.17748829583333334 0.91960515 0.16678159583333332
0 0.567881928125 0.22660997500000002 0.66129734375 0.21253392916666666 0.6675511000000001 0.19751357916666665 0.567881928125 0.22660997500000002