0 0.48985514 0.60644681 0.49334278249999997 0.626531025 0.5034285225 0.6200980733333333 0.5175691062500001 0.5904226033333333 0.5606671424999999 0.44973739500000004 0.57645021625 0.39009558166666664 0.5904535825 0.27540397 0.58461902875 0.24359669 0.59663085875 0.18553402666666666 0.58650148875 0.195299805 0.5797506837499999 0.23348186333333334 0.569213145 0.36992410333333337 0.557637625 0.39465851 0.496169635 0.6015930083333333 0.48985514 0.60644681
0 0.6344713562500001 0.44645431 0.63162268875 0.47305874 0.6442734937500001 0.4616847233333333 0.65600172125 0.4252854283333333 0.66941606875 0.35558696333333334 0.6635378849999999 0.32711250833333333 0.67785299375 0.28410573499999997 0.68227870375 0.2325342 0.6786819825000001 0.22078204833333334 0.67331188125 0.24899471666666664 0.6756806075 0.25905136833333336 0.66044292125 0.2770328616666667 0.65049440125 0.36848195499999997 0.63080919 0.43970139666666663 0.6344713562500001 0.44645431
0 0.61353001 0.422630045 0.6306937862499999 0.3530188416666667 0.6392616037500001 0.2715391383333333 0.64528617125 0.193334085 0.63778731375 0.19315956 0.62748342 0.21625664166666667 0.6204271975000001 0.27776847833333335 0.55422808 0.5596042916666667 0.57323701125 0.5400436483333333 0.60197630625 0.44569803833333327 0.61353001 0.422630045
0 0.51773098 0.3870620633333333 0.5209286949999999 0.33379502833333335 0.5061055037500001 0.32011467666666665 0.5052047425 0.29342298499999997 0.4873865 0.4130265716666667 0.46410456875 0.4724938616666666 0.4665387425 0.47755127499999994 0.49151311875 0.479799435 0.51773098 0.3870620633333333
0 0.35493482249999997 0.50329152 0.3769014975 0.4487943816666667 0.38365230250000004 0.4106123233333333 0.38799075 0.36570643833333333 0.383122405 0.35559161166666664 0.37672064749999995 0.367111065 0.37505634375 0.39874382166666666 0.36186015125 0.4517781583333333 0.33612223125 0.5078544483333334 0.33728477875 0.5145491866666667 0.35493482249999997 0.50329152
0 0.28240855875000004 0.5999518966666667 0.28874486875 0.5934316833333333 0.29661459 0.5652771883333333 0.3182540325 0.5357762433333334 0.35964413375 0.43005661666666667 0.37134422 0.300309115 0.36643224375000005 0.293527115 0.35886793875 0.29835183 0.34091880500000005 0.42795389333333334 0.32824618375 0.4409943233333333 0.30744205625 0.5021861999999999 0.27793289250000003 0.55984164 0.28240855875000004 0.5999518966666667
0 0.15389283625 0.19856688666666666 0.15398009875 0.191901235 0.12900572125 0.189653075 0.13014645375 0.19801422666666668 0.15389283625 0.19856688666666666
0 0.1516395125 0.2751927883333333 0.1429781075 0.26832352666666665 0.1421209775 0.23829900833333337 0.13841518 0.23487892000000002 0.13164255875 0.27472739166666665 0.13528291 0.2831467183333334 0.14905263124999998 0.281800265 0.1516395125 0.2751927883333333
0 0.0853932775 0.17863654166666668 0.08901181375 0.18872228 0.10767169624999999 0.19582424166666668 0.11278001124999999 0.18760852666666666 0.10664004125 0.17913102666666667 0.0853932775 0.17863654166666668
0 0.841471815 0.009537973333333333 0.8314796637499999 0.10431989333333333 0.8396174962499999 0.15118306333333334 0.84709453875 0.15302400000000002 0.84968142 0.14641652333333333 0.85771934 0.009916108333333335 0.841471815 0.009537973333333333
0 0.8898343624999999 0.23069704666666666 0.8921158262500001 0.24741934999999998 0.9168502325 0.2679980516666667 0.9206651075000001 0.263086075 0.91331895875 0.25124666166666665 0.8898343624999999 0.23069704666666666
0 0.54378980625 0.21097496333333335 0.54438515 0.26099643499999997 0.53914594125 0.2792106266666667 0.5435997925 0.32098729666666664 0.54989247125 0.3177999083333333 0.55394099125 0.19954277166666667 0.54378980625 0.21097496333333335
0 0.62287686 0.18614486166666666 0.632984415 0.178045495 0.61932377125 0.17105988333333333 0.61667144375 0.18266659833333332 0.62287686 0.18614486166666666
0 0.54863633625 0.22275620333333332 0.54887630625 0.20442566166666665 0.5412901875 0.21091678833333333 0.5436370975 0.22263985333333333 0.54863633625 0.22275620333333332
0 0.591953175 0.7338420216666667 0.60445127125 0.734132895 0.63347416875 0.6181239183333334 0.63768172375 0.5832165100000001 0.58712846125 0.7203943683333334 0.591953175 0.7338420216666667
0 0.5371142612500001 0.7208972883333333 0.5435814637499999 0.7043785966666667 0.55114576875 0.6995538816666667 0.55147300125 0.67455769 0.56460374625 0.6265225916666666 0.55329001375 0.6312600433333334 0.5312797075 0.6890900083333333 0.50135604875 0.7784072916666667 0.50620257875 0.79018853 0.5213311875 0.7805391016666667 0.5371142612500001 0.7208972883333333
0 0.1684605675 0.32725881 0.16225515000000001 0.32378054666666667 0.15681960125 0.356992455 0.16052539875000002 0.36041254166666664 0.17061113875 0.35397959 0.16576460875 0.34219835 0.1684605675 0.32725881
0 0.08067480249999999 0.4435670933333334 0.0785896775 0.411847075 0.07365588625 0.4067314866666667 0.06960104 0.429974005 0.08067480249999999 0.4435670933333334
0 0.18806484125 0.35771963833333337 0.18698955625 0.3443592483333333 0.1708074775 0.33898187333333335 0.1744041975 0.350734025 0.18806484125 0.35771963833333337
0 0.67944552625 0.16245759833333334 0.6780211925 0.17575981499999999 0.686791675 0.17429701333333333 0.68948763375 0.15935747166666667 0.6857818362499999 0.155937385 0.67944552625 0.16245759833333334
0 0.78979331 0.041673648333333334 0.7695127549999999 0.06287161833333334 0.7668604274999999 0.07447833333333333 0.78045562375 0.08646318333333333 0.79713946 0.05351306333333333 0.7985419775 0.04187726 0.78979331 0.041673648333333334
0 0.19060525375 0.641155255 0.19696337875 0.6329686266666666 0.1933012125 0.6262157133333333 0.1844652825 0.6326777533333333 0.19060525375 0.641155255
0 0.03438189 0.35080906833333336 0.03571896125 0.344172505 0.02324268125 0.3422152183333333 0.02440522875 0.3489099566666667 0.03438189 0.35080906833333336
0 0.57364234125 0.700077455 0.5713608775 0.6833551516666666 0.5563849775 0.6813396899999999 0.5599598825000001 0.694758255 0.57364234125 0.700077455