0 0.39894270624999995 0.25440576 0.395209495 0.286770025 0.41665659875000005 0.39939790166666667 0.43627820874999995 0.456978645 0.48840838625000005 0.5921201816666667 0.5044349525 0.6200394833333334 0.51490281375 0.6252759166666667 0.51706434375 0.6048628366666667 0.5104565999999999 0.6007612983333334 0.43569586625 0.40175730000000004 0.42254758625 0.37846217833333334 0.40313135250000004 0.24376368499999998 0.39391039749999995 0.20651141666666667 0.38318121499999996 0.19795991000000002 0.39894270624999995 0.25440576
0 0.30093153625 0.2547341683333333 0.30871147125 0.30559515833333334 0.3257833225 0.34677475166666666 0.32178879125000004 0.37582394166666666 0.33970805875000004 0.4436983333333333 0.3537709625 0.47859621 0.36711711125 0.488456825 0.36254023625000004 0.46228466833333326 0.36574705125 0.45513188000000004 0.34148136125 0.38647102333333333 0.3255929625 0.296526015 0.30923786750000004 0.28038368166666666 0.31094020875 0.270090035 0.30374637 0.24260877166666664 0.30093153625 0.2547341683333333
0 0.335220915 0.2113844066666667 0.34633457125 0.288591765 0.36019585374999996 0.3687657683333333 0.38184457875 0.4361175183333333 0.39486219875000006 0.4577551016666666 0.42965920375000005 0.5484019716666666 0.44987441625 0.5656791983333332 0.36550449874999996 0.2926087 0.35445429625 0.23215091999999998 0.34267982875 0.21033912166666668 0.335220915 0.2113844066666667
0 0.46828665625 0.33685956166666664 0.4749541 0.38955230166666666 0.50713414 0.4788900633333334 0.53186652625 0.47374824499999996 0.53396085 0.4684272066666667 0.50688032625 0.41189174666666667 0.48131178375 0.29481390333333335 0.48215919999999995 0.3215087016666667 0.46828665625 0.33685956166666664
0 0.60280468 0.35320113333333336 0.6100619725 0.39743197666666663 0.6192829275 0.43468424499999997 0.6447283174999999 0.48642130999999994 0.66304707375 0.4955850683333333 0.663767585 0.4887807083333333 0.6344620774999999 0.4359087483333334 0.617849415 0.3846097216666666 0.61412371125 0.3532907433333333 0.60699332625 0.34255905833333333 0.60280468 0.35320113333333336
0 0.61511305 0.2861182133333333 0.635249795 0.4140123466666667 0.6833929474999999 0.51451983 0.7068784287500001 0.5413938483333334 0.7165585725 0.5685266833333333 0.7232969762499999 0.5742857583333334 0.7251337325 0.5338080266666666 0.6919681074999999 0.4798011733333333 0.6672432275 0.42125975 0.6537664200000001 0.4097415983333333 0.62741391375 0.282718535 0.6195630175 0.27879120999999996 0.61511305 0.2861182133333333
0 0.8245637587500001 0.1528634816666667 0.82508640125 0.15949362833333333 0.84870629625 0.15618356 0.8492961462499999 0.14772166333333334 0.8245637587500001 0.1528634816666667
0 0.83233994 0.23556609166666664 0.8353488874999999 0.24184781 0.84915422375 0.24158899166666667 0.8522303787500001 0.2327786666666667 0.8428787624999999 0.19386886166666664 0.83941062625 0.19770657666666666 0.840519365 0.22771644833333335 0.83233994 0.23556609166666664
0 0.86532646625 0.14379934333333333 0.87095237875 0.15139017 0.88907702125 0.14214681166666668 0.8920225150000001 0.13167895 0.870888925 0.13464058999999998 0.86532646625 0.14379934333333333
0 0.11160667125 0.053350751666666675 0.1285366 0.18839767500000001 0.1315455475 0.19467939166666667 0.13887380125 0.19197657166666665 0.14391737125 0.14434605 0.1277676525 0.051085968333333336 0.11160667125 0.053350751666666675
0 0.0654493425 0.31287211 0.06957078124999999 0.3173220783333333 0.0928659025 0.29394735833333335 0.09404560125 0.27702356499999997 0.07199363375 0.30022407 0.0654493425 0.31287211
0 0.42662434 0.20695445833333334 0.43838754625 0.3242911216666666 0.44486462875 0.326735125 0.44657072375 0.284599855 0.44016084874999994 0.26706380999999996 0.43748418375 0.21716350166666668 0.42662434 0.20695445833333334
0 0.3464764925 0.19472443666666667 0.357075015 0.20161840666666667 0.363029455 0.19743226333333333 0.35962852624999997 0.186177935 0.3464764925 0.19472443666666667
0 0.43198893125 0.21123021166666667 0.4334261975 0.22946311333333333 0.4383988075 0.22876625666666664 0.43997048875 0.21681507333333333 0.43198893125 0.21123021166666667
0 0.36828179499999997 0.5988995166666667 0.37475512375000003 0.6331851416666667 0.41125071625 0.7453799849999999 0.42368224 0.743637845 0.42760956499999997 0.7296806966666667 0.36828179499999997 0.5988995166666667
0 0.46013314875 0.6798750016666667 0.46209305749999996 0.7047380483333333 0.4699439525 0.7086653733333333 0.47746632 0.7243696683333334 0.49708793 0.7819504133333334 0.51278972125 0.7898050633333333 0.5168477075 0.7775054499999999 0.48119953125000003 0.692005405 0.45549282124999996 0.6369532666666667 0.4439124675 0.633548585 0.46013314875 0.6798750016666667
0 0.822648535 0.3039581216666667 0.81859055 0.31625773333333335 0.8290584112499999 0.3214941666666667 0.8325265475000001 0.3176564516666667 0.82494072625 0.28520257833333335 0.818986285 0.2893887216666666 0.822648535 0.3039581216666667
0 0.91404445375 0.3632114166666667 0.9140407 0.39505303833333333 0.92418378625 0.38022482 0.9186250812500001 0.3575419516666667 0.91404445375 0.3632114166666667
0 0.8016456049999999 0.3085772983333333 0.8014477375 0.32201180333333335 0.8145997712499999 0.31346530333333333 0.8174146050000001 0.301339905 0.8016456049999999 0.3085772983333333
0 0.28896671 0.18267363333333334 0.29262896 0.19724303333333335 0.30146168625 0.19768107166666668 0.29917325 0.18459499333333335 0.292434845 0.17883591833333334 0.28896671 0.18267363333333334
0 0.17264804375 0.07831342000000001 0.17480581999999997 0.08974196000000001 0.1935800125 0.12062790666666667 0.20634006500000002 0.10710879666666666 0.20293913624999999 0.09585447 0.18135010999999998 0.07709392 0.17264804375 0.07831342000000001
0 0.81057521 0.5972474666666666 0.8174442737500001 0.6046640783333334 0.82300673375 0.595505325 0.813782025 0.5900946783333333 0.81057521 0.5972474666666666
0 0.9523283637500001 0.2908124633333333 0.9540941574999999 0.297268395 0.9639087162500001 0.2942171466666667 0.96462922625 0.2874127866666667 0.9523283637500001 0.2908124633333333
0 0.44089601375 0.69095011 0.439716315 0.7078739033333333 0.45299900875 0.7009849383333333 0.45568318124999996 0.6872020033333334 0.44089601375 0.69095011