0 0.42375 0.7683333333333333 0.4325 0.6316666666666667 0.44375 0.6066666666666667 0.5025 0.3983333333333333 0.50875 0.3933333333333333 0.505 0.37333333333333335 0.495 0.38 0.48125 0.41 0.44 0.5516666666666666 0.425 0.6116666666666667 0.4125 0.7266666666666667 0.41875 0.7583333333333333 0.4075 0.8166666666666667 0.4175 0.8066666666666666 0.42375 0.7683333333333333
0 0.3275 0.745 0.3425 0.7266666666666667 0.35125 0.635 0.37 0.5633333333333334 0.36625 0.5566666666666666 0.36875 0.53 0.35625 0.5416666666666666 0.345 0.5783333333333334 0.3325 0.6483333333333333 0.33875 0.6766666666666666 0.325 0.72 0.32125 0.7716666666666666 0.325 0.7833333333333333 0.33 0.755 0.3275 0.745
0 0.3825 0.725 0.445 0.44166666666666665 0.42625 0.46166666666666667 0.39875 0.5566666666666666 0.3875 0.58 0.37125 0.65 0.36375 0.7316666666666667 0.35875 0.81 0.36625 0.81 0.37625 0.7866666666666666 0.3825 0.725
0 0.51375 0.5866666666666667 0.53625 0.5266666666666666 0.53375 0.5216666666666666 0.50875 0.52 0.48375 0.6133333333333333 0.48125 0.6666666666666666 0.49625 0.68 0.4975 0.7066666666666667 0.51375 0.5866666666666667
0 0.62625 0.5983333333333334 0.63875 0.545 0.66375 0.48833333333333334 0.6625 0.4816666666666667 0.645 0.49333333333333335 0.62375 0.5483333333333333 0.6175 0.5866666666666667 0.61375 0.6316666666666667 0.61875 0.6416666666666667 0.625 0.63 0.62625 0.5983333333333334
0 0.66 0.5683333333333334 0.6725 0.555 0.6925 0.49333333333333335 0.72125 0.435 0.71625 0.395 0.71 0.40166666666666667 0.7025 0.43 0.68125 0.46 0.64125 0.5666666666666667 0.63125 0.6966666666666667 0.63625 0.7033333333333334 0.64375 0.6983333333333334 0.66 0.5683333333333334
0 0.85 0.7933333333333333 0.85 0.8 0.875 0.8016666666666666 0.87375 0.7933333333333333 0.85 0.7933333333333333
0 0.865 0.7566666666666667 0.87125 0.7166666666666667 0.8675 0.7083333333333334 0.85375 0.71 0.85125 0.7166666666666667 0.86 0.7233333333333334 0.86125 0.7533333333333333 0.865 0.7566666666666667
0 0.915 0.8016666666666666 0.89625 0.795 0.89125 0.8033333333333333 0.8975 0.8116666666666666 0.91875 0.8116666666666666 0.915 0.8016666666666666
0 0.165 0.8566666666666667 0.1575 0.855 0.155 0.8616666666666667 0.14875 0.9983333333333333 0.165 0.9983333333333333 0.17375 0.9033333333333333 0.165 0.8566666666666667
0 0.11125 0.7616666666666667 0.08625 0.7416666666666667 0.0825 0.7466666666666667 0.09 0.7583333333333333 0.11375 0.7783333333333333 0.11125 0.7616666666666667
0 0.46375 0.7216666666666667 0.45875 0.68 0.4525 0.6833333333333333 0.45 0.8016666666666666 0.46 0.79 0.45875 0.74 0.46375 0.7216666666666667
0 0.38125 0.8166666666666667 0.37125 0.825 0.385 0.8316666666666667 0.3875 0.82 0.38125 0.8166666666666667
0 0.455 0.7783333333333333 0.455 0.7966666666666666 0.4625 0.79 0.46 0.7783333333333333 0.455 0.7783333333333333
0 0.3925 0.2683333333333333 0.365 0.385 0.36125 0.42 0.41 0.2816666666666667 0.405 0.2683333333333333 0.3925 0.2683333333333333
0 0.46625 0.31166666666666665 0.495 0.22166666666666668 0.49 0.21 0.475 0.22 0.46 0.28 0.45375 0.2966666666666667 0.44625 0.3016666666666667 0.44625 0.32666666666666666 0.43375 0.375 0.445 0.37 0.46625 0.31166666666666665
0 0.845 0.635 0.84125 0.6316666666666667 0.83125 0.6383333333333333 0.83625 0.65 0.83375 0.665 0.84 0.6683333333333333 0.845 0.635
0 0.92 0.5466666666666666 0.9225 0.5783333333333334 0.9275 0.5833333333333334 0.93125 0.56 0.92 0.5466666666666666
0 0.81375 0.635 0.815 0.6483333333333333 0.83125 0.6533333333333333 0.8275 0.6416666666666667 0.81375 0.635
0 0.32625 0.8283333333333334 0.3175 0.83 0.315 0.845 0.31875 0.8483333333333334 0.325 0.8416666666666667 0.32625 0.8283333333333334
0 0.23875 0.9316666666666666 0.225 0.92 0.20875 0.9533333333333334 0.2075 0.965 0.21625 0.965 0.23625 0.9433333333333334 0.23875 0.9316666666666666
0 0.8075 0.3516666666666667 0.80125 0.36 0.805 0.36666666666666664 0.81375 0.36 0.8075 0.3516666666666667
0 0.9675 0.6383333333333333 0.96625 0.645 0.97875 0.6466666666666666 0.9775 0.64 0.9675 0.6383333333333333
0 0.42375 0.3016666666666667 0.42625 0.31833333333333336 0.44125 0.32 0.4375 0.30666666666666664 0.42375 0.3016666666666667