0 0.2643681375 0.1514441435185185 0.2676482135416667 0.13271070555555556 0.2644342333333333 0.12827778240740742 0.2513304473958333 0.12445883148148149 0.22589125625 0.10287587314814814 0.21086899791666666 0.10751443703703704 0.20097919322916666 0.10812840925925926 0.19726287343749999 0.10465316203703703 0.17283497239583331 0.10802266018518518 0.161474503125 0.1133603861111111 0.15749214322916666 0.12287251944444445 0.15993774375 0.14125049907407405 0.172000496875 0.1451340787037037 0.18266529374999999 0.15744285833333332 0.18808857604166668 0.16822405740740742 0.19763468020833336 0.22970627314814815 0.20521273385416666 0.24405966203703702 0.21254292395833335 0.27232579444444444 0.2273784609375 0.3112438675925926 0.22899453958333332 0.3139230101851852 0.23048338020833334 0.31012461944444447 0.22958115104166668 0.29072433425925925 0.23776399322916666 0.28280440925925926 0.26560086666666666 0.3468570712962963 0.27297897552083333 0.3510314796296296 0.27498833229166664 0.347200775 0.2732813697916667 0.3398948231481482 0.26202335 0.3239169101851852 0.23894382864583333 0.2632748675925926 0.229211003125 0.245349287962963 0.22724956458333334 0.22508826944444443 0.21950791927083332 0.20240662407407406 0.21657815625000001 0.1859116814814815 0.207850009375 0.16607075000000002 0.212855225 0.15556862592592594 0.2222790442708333 0.15776305277777777 0.23445085885416667 0.16719880370370369 0.2317028640625 0.15995748055555556 0.23295540625 0.1441293851851852 0.2455204984375 0.14705528888888889 0.2571899739583333 0.15744871574074074 0.2643681375 0.1514441435185185
0 0.45984753437500003 0.20694230833333332 0.4576927630208333 0.20337011851851852 0.4534922807291667 0.20177790925925926 0.45151927760416666 0.20745933796296295 0.4573540151041666 0.2126560509259259 0.45984753437500003 0.20694230833333332
0 0.4091624854166667 0.14708756388888888 0.4060030354166667 0.1454307259259259 0.39347429635416664 0.1443555472222222 0.3899215682291667 0.14920855648148149 0.396888221875 0.15896745092592593 0.4037276375 0.16224881203703703 0.40880556041666666 0.1554481351851852 0.4091624854166667 0.14708756388888888
0 0.38502541354166664 0.16526285185185186 0.38179325625 0.15990456666666666 0.3707533578125 0.15503099722222224 0.3688167083333333 0.16256314907407407 0.37539008385416667 0.17883189074074074 0.38465031197916666 0.1726980611111111 0.38502541354166664 0.16526285185185186
0 0.36775088749999996 0.1348346074074074 0.36650991041666664 0.12472025555555556 0.34999219947916665 0.10628940092592593 0.3386317302083333 0.11162712592592593 0.33664055052083336 0.1163831925925926 0.337342834375 0.12560449722222222 0.34423678125 0.1316619435185185 0.34651879010416664 0.14171166666666665 0.36622569322916665 0.13678227407407406 0.36775088749999996 0.1348346074074074
0 0.2953677557291667 0.08466532222222221 0.2914151375 0.06916037129629629 0.27459503229166665 0.06186617314814814 0.2673623375 0.06509465925925927 0.2644391864583333 0.07546752685185186 0.2682100364583333 0.08171885925925926 0.2705283994791667 0.09361930648148148 0.2881895916666667 0.09066989444444444 0.2953677557291667 0.08466532222222221
0 0.2205886 0.07170439814814815 0.21995902291666666 0.06618454166666667 0.20936693385416666 0.05757721018518519 0.19635403229166667 0.05838506851851852 0.1928194807291667 0.06416344074074073 0.1945446203125 0.07239475370370371 0.20721877395833335 0.0808728287037037 0.21705404843749998 0.07748277037037037 0.2205886 0.07170439814814815
0 0.14560293177083333 0.6053855833333333 0.14583261875 0.5905474787037037 0.1414685453125 0.5806270129629629 0.12459390937499999 0.5705567296296297 0.1089966046875 0.5724515222222223 0.0956994859375 0.5853214 0.09383554375 0.5965550000000001 0.09445355572916667 0.6280173037037037 0.09822440572916666 0.6342686361111112 0.10988726875 0.6177942546296297 0.11419681197916667 0.6249386342592592 0.12512764895833334 0.6242600333333334 0.1294371921875 0.631404412962963 0.14148176875 0.6343626305555555 0.1485211296875 0.6478229722222223 0.15320577447916667 0.6475321435185185 0.15397415416666668 0.6335870861111111 0.14560293177083333 0.6053855833333333
0 0.3434023276041666 0.4606178111111111 0.3412293796875 0.45612025925925925 0.3322897223958333 0.4520427935185185 0.32738695624999997 0.44122927962962966 0.3151060807291667 0.4262413583333333 0.31003972291666665 0.40709958796296297 0.293074203125 0.39240249537037036 0.27692002864583337 0.3924788777777778 0.2666369453125 0.39960269814814814 0.2577336421875 0.3973759564814815 0.25486502135416667 0.4105249092592592 0.24915752135416666 0.4118057287037037 0.24923022864583333 0.4155071759259259 0.266788971875 0.43387340185185186 0.2927123255208333 0.45357332222222224 0.30467262968750003 0.4787725388888889 0.3195924385416667 0.495449612962963 0.3268796635416667 0.49499721203703706 0.33011182083333335 0.5003554972222222 0.34208369010416667 0.49961226666666664 0.3435543541666667 0.49488851481481483 0.3434023276041666 0.4606178111111111
0 0.41493778333333337 0.7860073453703703 0.4142900291666667 0.7795621268518519 0.41053735625 0.7742361555555555 0.40637322760416666 0.7744946703703703 0.40445475468750003 0.7829521851851852 0.40612536406250005 0.788407412962963 0.4113850546875 0.7908603555555556 0.41493778333333337 0.7860073453703703
0 0.40445309635416665 0.7032741203703704 0.40267342604166667 0.6922667212962963 0.39583401041666666 0.6889853601851852 0.392819975 0.6947314175925926 0.3940064213541667 0.7020696833333334 0.39932064322916666 0.7072987111111111 0.39939335052083336 0.7110001592592593 0.40445309635416665 0.7032741203703704
0 0.3873950338541666 0.6042721537037037 0.3856698942708333 0.5960408398148148 0.38299460677083336 0.5925009638888888 0.3747208802083334 0.5957940796296297 0.371240859375 0.6043485370370371 0.36713126145833336 0.6073831370370371 0.3710111723958333 0.6191866407407408 0.37582305468750005 0.6253733453703704 0.38210560104166663 0.6268362962962963 0.39037932760416666 0.6235431814814815 0.3943616875 0.6140310481481482 0.3873950338541666 0.6042721537037037
0 0.34514069114583334 0.5225847425925926 0.3439542442708333 0.5152464759259259 0.3349418796875 0.507467562962963 0.32503389791666665 0.5071561740740741 0.311052671875 0.5117301083333333 0.30699760416666666 0.5175407944444445 0.32500415625 0.5321732583333333 0.3349848453125 0.5361860953703703 0.3432222182291667 0.5310422564814814 0.34514069114583334 0.5225847425925926
0 0.5027777369791667 0.482224237962963 0.4995455796875 0.47686595277777777 0.47997747968750004 0.4623304324074074 0.46658286458333337 0.4437056916666667 0.45117889322916666 0.42891165555555555 0.4233915973958334 0.4204453351851852 0.418088940625 0.3892738611111111 0.4115700958333333 0.37578120462962966 0.41458413125 0.37003514722222225 0.41397273125 0.36544065277777776 0.4090699645833333 0.3546271388888889 0.39860511302083335 0.35249734074074074 0.38225099375 0.34239474259259256 0.3686630458333333 0.34045882962962964 0.34140287760416665 0.3588280046296296 0.34156646875 0.3671562611111111 0.3450861494791667 0.37388643240740743 0.3465964729166667 0.38444730740740746 0.33642245052083336 0.39712329907407407 0.3364951578125 0.4008247462962963 0.34290494166666663 0.4087652314814815 0.3375064479166667 0.4257772027777778 0.3380996713541667 0.42944633611111116 0.3502351322916667 0.43703136296296297 0.3561607536458334 0.4468548861111111 0.36556639635416666 0.4481239509259259 0.36940995364583334 0.4580767314814815 0.3887301901041667 0.48652499537037036 0.39231927187500004 0.4835227092592592 0.4111371692708333 0.5129286490740741 0.4207245796875 0.5234513333333334 0.42859346302083334 0.552610512037037 0.4262998885416666 0.5685032361111111 0.44842265000000003 0.6069689083333334 0.4540095239583334 0.6260783638888888 0.45912380052083335 0.6211284111111111 0.4546870197916667 0.6075064981481482 0.46564759895833335 0.5818108111111111 0.45329401614583337 0.5631214416666667 0.45259173177083334 0.5539001379629629 0.44848213385416663 0.5569347379629629 0.440492625 0.5481658342592592 0.44334306875 0.5340915203703703 0.4520100739583333 0.5242885574074074 0.4532989697916667 0.5103111861111111 0.4594906317708333 0.5071473287037037 0.4631887744791667 0.5096972138888889 0.4664754625 0.5178315842592592 0.474283203125 0.5173468694444444 0.47918596927083335 0.5281603824074075 0.4839433213541666 0.5315710009259259 0.483761553125 0.5223173824074073 0.4758265744791667 0.5163245648148148 0.4705966255208333 0.488854537037037 0.4745971625 0.4802677657407407 0.5027777369791667 0.482224237962963
0 0.5928088375 0.47570849444444446 0.5875243578125 0.4454623814814815 0.5751707755208333 0.42677301203703705 0.5673085041666667 0.4244816416666667 0.5516384921875 0.42267498611111115 0.539236990625 0.42807733981481483 0.510892825 0.4177926101851852 0.5067468734375 0.418976487037037 0.5032304989583333 0.4256802203703704 0.5036303890625 0.4460381824074074 0.5101128802083333 0.4576801138888889 0.5200935692708334 0.4616929509259259 0.5247418604166667 0.45955139814814816 0.5368591442708334 0.46621106296296294 0.54463053125 0.46387562407407407 0.5546657510416666 0.4706645462962963 0.5563181833333334 0.475194412962963 0.5604823114583334 0.4749358981481482 0.5643985765625 0.4885901259259259 0.5817573744791668 0.49677737129629623 0.5882035119791666 0.5065685796296296 0.5965135921875 0.5051261879629629 0.6076625510416667 0.5155519296296296 0.6031712401041667 0.4991539305555555 0.5983593578125 0.4929672259259259 0.5928088375 0.47570849444444446
0 0.524657565625 0.18994794814814817 0.5202026083333333 0.17540067314814814 0.50364854375 0.15511909444444447 0.4926813526041667 0.15394697222222223 0.4710130119791666 0.13861534722222224 0.45685001718749996 0.13393566296296297 0.45065835520833336 0.1370995212962963 0.4510400682291667 0.15653212037037037 0.4668439302083333 0.19168411759259257 0.48081359114583333 0.21305262962962962 0.5027595380208333 0.18945442777777777 0.5236710640625 0.19278866296296296 0.524657565625 0.18994794814814817
0 0.38827079427083333 0.22435675462962962 0.38076544739583335 0.21370481296296295 0.36725020677083337 0.21547034814814814 0.359012834375 0.22061418703703703 0.35865590937499997 0.22897475833333333 0.36355867604166664 0.23978827129629632 0.3715300078125 0.24763181296296297 0.38883427552083333 0.2530429731481481 0.39236882708333337 0.24726460092592592 0.3941600619791667 0.2323295537037037 0.3977673208333333 0.23025262962962964 0.38827079427083333 0.22435675462962962
0 0.3886905192708333 0.32531814259259256 0.3880609427083333 0.31979828518518516 0.3827285442708333 0.31364389537037035 0.37809843020833334 0.3167108101851852 0.37982356979166665 0.3249421240740741 0.3851196145833333 0.3292457907407408 0.3886905192708333 0.32531814259259256
0 0.36391725885416665 0.31110576481481483 0.3626217515625 0.29821532685185187 0.34543810989583335 0.27241389166666663 0.33653480625000004 0.27018715 0.3391258213541667 0.295968025 0.34463998802083334 0.31137603425925925 0.362416853125 0.34084660185185184 0.36279195468750003 0.33341139259259256 0.3589120432291667 0.3216078888888889 0.36391725885416665 0.31110576481481483
0 0.34860251302083334 0.22126047407407406 0.3380104234375 0.21265314259259258 0.32079704010416665 0.21186879166666667 0.3141030385416667 0.21599032592592593 0.3158645317708333 0.22607236388888888 0.3227403015625 0.23120444814814814 0.33050012395833334 0.25481145648148146 0.32960450625 0.26227897962962965 0.33748495416666663 0.26549571203703703 0.34109221302083337 0.263418787962963 0.3445358802083333 0.2530136064814815 0.34250173489583335 0.22905114074074076 0.34860251302083334 0.22126047407407406
0 0.32310054322916665 0.38220000555555556 0.32189591979166665 0.3739363777777778 0.3124175697916666 0.3689658648148148 0.3088466645833333 0.37289351296296297 0.3089375489583333 0.3775203222222222 0.31166736666666667 0.3838362833333333 0.32109118645833334 0.3860307111111111 0.32310054322916665 0.38220000555555556
0 0.32634921875 0.3088055888888889 0.32719030572916663 0.2985619796296296 0.31814158802083337 0.2889323425925926 0.3104065541666667 0.2931185055555556 0.31218622447916666 0.30412590462962963 0.3185778317708333 0.3111410277777778 0.32634921875 0.3088055888888889
0 0.31788050052083333 0.24910946759259261 0.31922392708333336 0.23790818148148146 0.3015743 0.2149151462962963 0.29631460885416666 0.21246220462962964 0.2843427395833333 0.21320543425925925 0.2782783151041667 0.222846825 0.2887134244791667 0.24999370925925923 0.3029127729166667 0.25652411666666664 0.3119796677083333 0.2670791157407407 0.32170588125 0.25813688611111113 0.31788050052083333 0.24910946759259261
0 0.47702622239583337 0.2855539990740741 0.47528290625 0.2763973231481482 0.46154954375 0.26705851574074074 0.4521802546875 0.26764017407407403 0.4465636390625 0.2735478037037037 0.44891835572916666 0.28729897407407406 0.44755675260416666 0.2975748981481482 0.47597362552083333 0.31156107499999997 0.4809424875 0.29920822685185183 0.4813175890625 0.2917730175925926 0.47702622239583337 0.2855539990740741
0 0.5321976515625 0.7064614472222221 0.5300065265625 0.7010385333333333 0.5120297166666666 0.6613889842592593 0.4892839895833333 0.6442712638888889 0.48301962031249995 0.643733674074074 0.4778871671875 0.6477582657407408 0.481016875 0.6744321879629629 0.4877084 0.6967157814814815 0.4901267354166666 0.7137057194444445 0.49495679427083333 0.7208177851851851 0.49896394322916665 0.7390988222222222 0.5072922 0.7385817925925926 0.510669771875 0.7513429722222222 0.5096766583333333 0.7273158777777777 0.51159513125 0.7188583638888889 0.5263513489583334 0.7272071805555556 0.5281062307291667 0.7104214101851852 0.5321976515625 0.7064614472222221
0 0.4368225875 0.7327652490740741 0.44231196562499997 0.720380087037037 0.43586582760416664 0.7105888777777777 0.43236763020833335 0.7182179740740742 0.42813079427083334 0.7147750407407407 0.41158334166666666 0.7213612712962962 0.4034913833333333 0.7339080055555556 0.40268665 0.7460023388888889 0.41065798177083335 0.7538458805555556 0.42063867135416666 0.7578587166666666 0.42611648385416667 0.7714160018518519 0.4329377234375 0.7737720009259259 0.43670857343749997 0.7800233333333334 0.44139321770833334 0.7797325046296296 0.44844414374999997 0.7672503990740741 0.44447334895833335 0.7508200851851852 0.440200159375 0.7455264287037037 0.4368225875 0.7327652490740741
0 0.45492497708333335 0.6992142666666666 0.45370217656249995 0.6900252768518519 0.44831524791666666 0.681094800925926 0.4426622786458333 0.6851517064814815 0.445035171875 0.6998282388888889 0.4503493932291667 0.7050572666666667 0.45492497708333335 0.6992142666666666
0 0.3631621244791667 0.6706308879629629 0.34870830104166667 0.6511454148148148 0.31109729583333334 0.6201267055555556 0.29546363697916667 0.6201707740740741 0.26755571510416665 0.6320947296296296 0.26866945468750003 0.6357315481481481 0.27339045260416667 0.6372914435185185 0.28148902291666666 0.6516125175925926 0.2801455963541667 0.6628138037037037 0.2814229270833334 0.6747788787037037 0.2548650432291667 0.7023693574074074 0.24982347395833332 0.7110207583333333 0.24844369427083332 0.7203713203703704 0.25794022083333334 0.7262671953703703 0.25907213697916665 0.7308293759259259 0.2555260203125 0.7625501944444445 0.25915145624999997 0.7613986314814815 0.2624497088541667 0.7435905555555555 0.2611657661458333 0.7047576712962963 0.27948627760416667 0.6823110314814814 0.2888192130208333 0.67987865 0.2910466916666667 0.687152287037037 0.29905437760416664 0.6968465527777779 0.3014751895833333 0.687431362037037 0.3050824484375 0.6853544379629629 0.31554730000000003 0.6874842361111111 0.31825894114583336 0.6928748361111111 0.32244124635416666 0.6935416833333333 0.32312535364583334 0.7018376259259259 0.337040484375 0.7204300518518518 0.3387656239583333 0.7286613657407408 0.34556868645833333 0.7300920027777777 0.3484736609375 0.7187937740740741 0.34864881718749996 0.7011795842592593 0.3426323114583333 0.6867292518518519 0.34910819114583336 0.6715033759259259 0.3631621244791667 0.6706308879629629
0 0.23132451145833333 0.8835699083333333 0.234120425 0.8667195083333333 0.22761975729166667 0.8541522138888888 0.2202780015625 0.8518285296296296 0.213063484375 0.8559823777777777 0.20920836197916665 0.8719720444444445 0.21685912291666665 0.8900268814814815 0.224775925 0.895094337037037 0.23132451145833333 0.8835699083333333
0 0.1866311796875 0.810372325 0.18706081145833334 0.8057132018518518 0.16358305885416666 0.8043912611111111 0.16157370156249998 0.8082219666666667 0.16048475104166665 0.8323783185185185 0.16524871458333334 0.8626567453703703 0.1810096109375 0.8690902101851852 0.18209856145833334 0.8449338583333333 0.17947119270833334 0.8173022592592593 0.1866311796875 0.810372325
0 0.10105503645833333 0.8314353444444444 0.10081873802083334 0.8194056398148147 0.08566924166666667 0.8175666703703703 0.08111183489583333 0.8243350333333334 0.08097303229166666 0.8437999462962963 0.087389428125 0.8786082398148147 0.08769843385416666 0.8943393916666666 0.09848385677083332 0.8862578953703704 0.10047503645833333 0.8815018287037037 0.0992158828125 0.8704621148148147 0.09393801458333333 0.8670838111111111 0.09382895364583334 0.8615316398148148 0.10105503645833333 0.8314353444444444
0 0.065177440625 0.9151938231481481 0.0644569796875 0.9050471564814815 0.0617816921875 0.9015072805555556 0.052412403125 0.9020889388888889 0.04833915885416666 0.9069742629629629 0.04595470052083333 0.9182401777777778 0.04924138802083333 0.9263745481481481 0.0612677875 0.9284074037037037 0.065177440625 0.9151938231481481
0 0.5626651885416667 0.665657387962963 0.564438246875 0.6497969787037038 0.5611152057291666 0.6398118842592593 0.5546872447916668 0.6309460370370371 0.5398583197916668 0.6188957731481481 0.532589271875 0.6202735351851851 0.52442460625 0.6291188222222222 0.5246790817708333 0.6420738879629629 0.529600025 0.6538127638888889 0.5360461625 0.6636039722222222 0.5482179765624999 0.6730397222222222 0.5649108442708334 0.6738563870370371 0.5653404760416667 0.6691972638888889 0.5626651885416667 0.665657387962963
0 0.654816365625 0.740541174074074 0.6533209130208333 0.7174717564814815 0.65100255 0.7055713092592593 0.6426924703125 0.707013700925926 0.6321730880208333 0.7021078166666667 0.6203102796875 0.7084032175925926 0.6163097427083333 0.7169899888888889 0.6186826359375 0.7316665222222222 0.6319500130208334 0.7438137296296297 0.63261594375 0.7511843101851852 0.6395825973958333 0.7609432046296296 0.6442672416666666 0.7606523749999999 0.6462038916666667 0.7531202222222222 0.654816365625 0.740541174074074
0 0.7098472895833333 0.517546574074074 0.7144955802083334 0.5154050203703704 0.7118566463541666 0.5137158685185185 0.7084608979166667 0.5000293268518519 0.7093565151041666 0.49256180277777784 0.69808031875 0.47565852870370373 0.6907385635416666 0.4733348435185185 0.6825557208333334 0.4812547685185185 0.6589259416666666 0.44566212499999996 0.6463790260416666 0.44366158333333333 0.6392190390625 0.4505915175925926 0.6324341531250001 0.4500862425925926 0.6236762645833333 0.45526239537037033 0.6258492130208333 0.45975994722222224 0.6353093859375 0.4638050990740741 0.6402666828125 0.4773946972222222 0.655113784375 0.4903703240740741 0.6749727135416667 0.5197116351851852 0.6833009708333333 0.5191946055555556 0.6880764994791666 0.5235305861111111 0.6950613296875 0.5342148416666667 0.6941475354166666 0.5407570037037037 0.6956545531249999 0.5378839750000001 0.7030690156249999 0.5439091074074074 0.7090309911458333 0.5555833537037037 0.7185820484375001 0.5642553138888889 0.7206277588541667 0.5622753333333332 0.7194231354166667 0.5540117046296296 0.70552618125 0.5363446407407407 0.7098472895833333 0.517546574074074
0 0.7689002661458333 0.7380911416666667 0.767193303125 0.7307851888888889 0.724993490625 0.651873862962963 0.7319171791666667 0.632914225 0.7322559270833333 0.6236282916666667 0.7002615369791666 0.5867019537037037 0.6740721427083333 0.5799894148148148 0.6700716057291667 0.5885761861111111 0.663789059375 0.5871132342592593 0.6592861833333333 0.5966576824074075 0.6604726302083334 0.6039959490740741 0.6706896177083334 0.6200384898148148 0.677687671875 0.6844583638888888 0.6797449473958334 0.6565359351851852 0.6885573666666667 0.6541358675925926 0.7082527046875 0.6751489222222222 0.7169081442708334 0.6912884064814815 0.7355806265625 0.7132914509259259 0.7367307197916666 0.7187789935185185 0.7522982828125 0.7419012861111111 0.7674296020833334 0.7428148935185186 0.7689002661458333 0.7380911416666667
0 0.8150989572916667 0.7287376314814815 0.8145057338541667 0.7250684981481481 0.8112190463541666 0.7169341268518519 0.8033385979166667 0.7137173944444445 0.8031022994791667 0.7016876907407408 0.7923829723958333 0.6866028259259259 0.764486615625 0.6725843342592592 0.7588518229166666 0.6775666009259259 0.7584585447916666 0.6840764490740741 0.7676708541666667 0.7020343425925926 0.7751398468749999 0.7108355601851852 0.7844612171875001 0.734345625 0.8120485682291666 0.7326329648148148 0.8150989572916667 0.7287376314814815
0 0.7933926041666666 0.6318772175925926 0.7927448505208333 0.625431999074074 0.7856509588541667 0.6091955712962962 0.7793320588541667 0.6058818962962963 0.7741814286458334 0.608981125 0.7743450203125001 0.6173093824074074 0.7845074776041667 0.6305758379629629 0.7908263776041667 0.633889512962963 0.7933926041666666 0.6318772175925926
0 0.9615110421874999 0.8067382583333333 0.9619588505208333 0.8030044962962963 0.9545807416666666 0.798830087962963 0.933796453125 0.8019733861111111 0.929057278125 0.7994881296296297 0.9277865593750001 0.814390862962963 0.9506529119791666 0.8111183074074074 0.9615110421874999 0.8067382583333333
0 0.6443746223958333 0.3946820324074074 0.642667659375 0.38737608055555556 0.6363851130208332 0.38591312962962965 0.6345575244791667 0.3989974527777778 0.6413424098958332 0.3995027287037037 0.6443746223958333 0.3946820324074074
0 0.6173441411458334 0.39821310277777777 0.6117209135416667 0.3772529231481481 0.6078773562500001 0.3673001425925926 0.5994763921874999 0.364115725 0.5914868828125001 0.3553468212962963 0.5846838203125 0.3539161842592593 0.5821721244791667 0.35870456481481483 0.5828562317708333 0.3670005074074074 0.5888000302083333 0.37774939259259255 0.5901500682291666 0.39341591574074075 0.6062860661458332 0.3924141712962963 0.6173441411458334 0.39821310277777777
0 0.6080706895833334 0.3506113148148148 0.6084457911458333 0.34317610555555556 0.6014609604166666 0.3324918490740741 0.5910869927083334 0.33498886018518514 0.595505596875 0.3476854111111111 0.6034587520833333 0.35460359166666666 0.6080706895833334 0.3506113148148148
0 0.631588090625 0.22129565833333334 0.6314972067708333 0.21666884907407408 0.6244578458333333 0.20320850740740742 0.6155545421874999 0.20098176574074073 0.6125041531250001 0.2048770990740741 0.6131700838541666 0.21224767962962965 0.6250213270833334 0.231894725 0.631588090625 0.22129565833333334
0 0.3350740489583333 0.16929039166666665 0.3344626484375 0.1646958962962963 0.32751417187500004 0.15586236388888888 0.3201724166666667 0.15353867962962964 0.3140716385416667 0.1613293462962963 0.31743103333333333 0.17316516481481484 0.32922774635416663 0.190036125 0.33201209479166666 0.19912817222222223 0.33461467500000003 0.1989666 0.33120074947916667 0.1843546962962963 0.3350740489583333 0.16929039166666665
0 0.1591214453125 0.17928727962962962 0.15791682187499997 0.17102365092592592 0.15154339114583332 0.16493388981481483 0.14425616666666666 0.16538629074074077 0.14127848489583333 0.17298307222222223 0.145231103125 0.18848802407407408 0.1520523421875 0.19084402314814816 0.1591214453125 0.17928727962962962
0 0.28362393697916666 0.2827368324074074 0.28453773125000004 0.2761946703703703 0.27922350989583333 0.2709656425925926 0.2703747369791667 0.271514987037037 0.2678812171875 0.27722872962962963 0.27061103541666665 0.2835446916666667 0.27897564583333334 0.28487838518518516 0.28362393697916666 0.2827368324074074
0 0.27110676302083336 0.25571920648148144 0.2708704640625 0.24368950185185184 0.2633651177083333 0.23303756018518518 0.2543891067708333 0.2271093712962963 0.24609720364583335 0.22947712407407408 0.24256265208333333 0.2352554962962963 0.24649709375 0.2498350861111111 0.2565141364583333 0.2556986462962963 0.27110676302083336 0.25571920648148144
0 0.33160893177083334 0.6031029796296297 0.3309793546875 0.5975831231481481 0.3236194229166667 0.5943340759259259 0.322669275 0.5990255138888888 0.3248785765625 0.6053737898148148 0.32855854270833335 0.6069983129629629 0.33160893177083334 0.6031029796296297
0 0.3013446348958333 0.5215976999999999 0.30069688125000005 0.5151524814814815 0.29383928854166663 0.5109457583333333 0.29025020625 0.5139480444444444 0.29034109062499996 0.5185748537037037 0.29359142447916664 0.5248585009259259 0.29829424583333336 0.5254930333333333 0.3013446348958333 0.5215976999999999
0 0.24566098177083334 0.4991128888888889 0.24704076197916666 0.48976232685185184 0.2437722510416667 0.4825533175925926 0.23689648125 0.4774212333333333 0.23221183697916667 0.47771206203703703 0.22971831770833334 0.4834258055555556 0.2309956484375 0.4953908805555556 0.23578935364583334 0.5006522231481482 0.24566098177083334 0.4991128888888889
0 0 0.3756102611111111 0.0071588625 0.3758723685185185 0.010675236979166667 0.3691686351851852 0.009470613541666667 0.3609050074074074 0.0057361171875 0.3565043981481481 0 0.3562237703703704 0 0.3756102611111111
0 0.11130006354166667 0.15909383796296298 0.11113647239583332 0.15076558148148148 0.10415164166666666 0.140081325 0.09636207760416667 0.14149140277777777 0.09230700989583333 0.14730208888888888 0.09401397291666667 0.15460804074074075 0.10404919270833334 0.16139696296296296 0.11130006354166667 0.15909383796296298
0 0.1869170114583333 0.29429947314814814 0.18563968072916665 0.28233439722222226 0.17829792552083334 0.28001071203703704 0.17271766354166665 0.28776906481481485 0.17598617447916667 0.29497807407407406 0.18280741354166666 0.29733407314814814 0.1869170114583333 0.29429947314814814
0 0.18691039947916668 0.2674316638888889 0.184755628125 0.26385947407407406 0.18064603020833334 0.2668940740740741 0.18540338177083332 0.27030469259259254 0.18691039947916668 0.2674316638888889
0 0.10830424895833332 0.7494541555555555 0.108158834375 0.7420512601851852 0.10124671145833333 0.7350684518518519 0.09455270989583334 0.7391899861111112 0.09367526927083333 0.7475828712962963 0.09601180885416666 0.7604086805555555 0.10123514635416667 0.761010899074074 0.1048060515625 0.7570832509259259 0.10830424895833332 0.7494541555555555
0 0.5142026869791666 0.9577309851851851 0.5125684317708333 0.9541264814814815 0.4903432208333333 0.9369764462962963 0.4785531197916667 0.9469732953703704 0.47622319166666666 0.9610152944444444 0.4721863010416667 0.9677513425925927 0.4867789276041667 0.9677719027777778 0.49376375781250004 0.9784561592592592 0.5042286098958333 0.9805859574074075 0.5123387447916666 0.9689645851851851 0.5142026869791666 0.9577309851851851
0 0.8833890098958334 0.703188813888889 0.8816093395833333 0.6921814148148148 0.8730629609374999 0.6815941018518519 0.86584844375 0.68574795 0.8665325510416667 0.6940438925925926 0.8771973473958333 0.7063526712962963 0.8833890098958334 0.703188813888889
0 0.029536121354166667 0.7191375564814815 0.027792805208333334 0.7099808805555555 0.020971566145833336 0.7076248814814815 0.018423516145833332 0.7105625388888889 0.016952852083333334 0.7152862916666667 0.0182301828125 0.7272513675925926 0.027581295312499997 0.7257443472222223 0.029536121354166667 0.7191375564814815
0 0.5829884229166667 0.3206677851851852 0.5817837994791667 0.3124041574074074 0.5732555973958333 0.3027422055555556 0.5681049671875 0.30584143518518514 0.5698846375 0.31684883425925925 0.5757557286458332 0.3238962722222222 0.5829884229166667 0.3206677851851852
0 0.7208227286458333 0.3334201203703704 0.7206954906249999 0.32694258703703705 0.7158472546875 0.3189051592592593 0.7091350765625 0.32210133148148146 0.7119376020833333 0.33211874074074077 0.7177541625 0.3363900916666666 0.7208227286458333 0.3334201203703704
0 0.7562839380208334 0.5999008324074074 0.7551701984375 0.5962640138888889 0.7341066458333334 0.5586590740740741 0.7320427583333333 0.5597136935185185 0.7338042515625 0.5697957314814814 0.7414368359375001 0.5869252055555556 0.7542382270833333 0.6018808138888889 0.7562839380208334 0.5999008324074074
0 0.6507530281249999 0.6398059870370371 0.65005074375 0.6305846824074075 0.6452388614583333 0.6243979787037037 0.6384903296875 0.6257434268518519 0.6445250119791667 0.6411191212962962 0.6507530281249999 0.6398059870370371
0 0.5975083640625001 0.6088313472222222 0.5968424333333334 0.6014607666666667 0.5909895192708333 0.5953386907407408 0.5858388890625 0.5984379203703704 0.5896824463541667 0.6083907000000001 0.5933805890625 0.6109405851851852 0.5975083640625001 0.6088313472222222
0 0.24354092760416668 0.7095578064814815 0.24289317395833335 0.7031125879629629 0.23655609739583333 0.698873550925926 0.2340807546875 0.7055126555555555 0.23629005677083334 0.7118609314814814 0.2410110546875 0.7134208259259259 0.24354092760416668 0.7095578064814815
0 0.5679810244791667 0.1668755814814815 0.56683093125 0.1613880388888889 0.5578912744791666 0.1573105740740741 0.556475140625 0.16481041203703706 0.5613052 0.17192247777777778 0.5665103604166667 0.17159933425925925 0.5679810244791667 0.1668755814814815
0 0.2115729630208333 0.4882582546296296 0.2109433859375 0.4827383981481482 0.20458813229166667 0.47757399907407405 0.20151956666666668 0.48054397037037033 0.20227638125 0.4925413601851852 0.20495166875 0.4960812361111111 0.20907944374999998 0.4939719981481482 0.2115729630208333 0.4882582546296296
0 0.8374860791666666 0.38269340925925927 0.8363178088541667 0.37628050462962964 0.8288488161458333 0.36747928703703703 0.8220821072916666 0.36789937314814813 0.8276871578125 0.38793419166666665 0.8354948989583334 0.3874494759259259 0.8374860791666666 0.38269340925925927