0 0.7598958333333333 0.12777777777777777 0.7614583333333333 0.14351851851851852 0.7588541666666667 0.15092592592592594 0.7708333333333334 0.14074074074074075 0.7802083333333333 0.13796296296296295 0.7854166666666667 0.14814814814814814 0.7770833333333333 0.1685185185185185 0.7744791666666667 0.18518518518518517 0.7671875 0.20833333333333334 0.765625 0.22870370370370371 0.75625 0.24722222222222223 0.734375 0.30925925925925923 0.7234375 0.32592592592592595 0.721875 0.3333333333333333 0.7239583333333334 0.337037037037037 0.73125 0.33240740740740743 0.7578125 0.26666666666666666 0.7661458333333333 0.2740740740740741 0.765625 0.2935185185185185 0.7671875 0.2972222222222222 0.76875 0.29444444444444445 0.7828125 0.25462962962962965 0.7895833333333333 0.22592592592592592 0.796875 0.2111111111111111 0.8052083333333333 0.14907407407407408 0.8104166666666667 0.13796296296296295 0.8208333333333333 0.125 0.8328125 0.12037037037037036 0.8348958333333333 0.10185185185185185 0.8307291666666666 0.09259259259259259 0.8192708333333333 0.08796296296296297 0.7947916666666667 0.08611111111111111 0.7911458333333333 0.08981481481481482 0.78125 0.08981481481481482 0.7661458333333333 0.08611111111111111 0.7411458333333333 0.10925925925925926 0.728125 0.11388888888888889 0.725 0.11851851851851852 0.7286458333333333 0.13703703703703704 0.7359375 0.1425925925925926 0.7473958333333334 0.13148148148148148 0.7598958333333333 0.12777777777777777
0 0.540625 0.19907407407407407 0.5364583333333334 0.20092592592592592 0.534375 0.20462962962962963 0.5369791666666667 0.2101851851851852 0.5427083333333333 0.20462962962962963 0.540625 0.19907407407407407
0 0.5963541666666666 0.1527777777777778 0.603125 0.1425925925925926 0.5994791666666667 0.13796296296296295 0.5869791666666667 0.1398148148148148 0.5838541666666667 0.14166666666666666 0.584375 0.15 0.5895833333333333 0.15648148148148147 0.5963541666666666 0.1527777777777778
0 0.6244791666666667 0.15462962962962962 0.6223958333333334 0.14722222222222223 0.6114583333333333 0.1527777777777778 0.6083333333333333 0.15833333333333333 0.6088541666666667 0.16574074074074074 0.6182291666666667 0.1712962962962963 0.6244791666666667 0.15462962962962962
0 0.6484375 0.12222222222222222 0.6552083333333333 0.11574074074074074 0.6557291666666667 0.10648148148148148 0.6536458333333334 0.10185185185185185 0.6421875 0.09722222222222222 0.6260416666666667 0.11666666666666667 0.625 0.12685185185185185 0.6265625 0.1287037037037037 0.6463541666666667 0.13240740740740742 0.6484375 0.12222222222222222
0 0.7234375 0.06759259259259259 0.7270833333333333 0.06111111111111111 0.7239583333333334 0.05092592592592592 0.7166666666666667 0.04814814814814815 0.7 0.05648148148148148 0.6963541666666667 0.07222222222222222 0.7036458333333333 0.07777777777777778 0.7213541666666666 0.07962962962962963 0.7234375 0.06759259259259259
0 0.796875 0.053703703703703705 0.7984375 0.04537037037037037 0.7947916666666667 0.03981481481481482 0.7817708333333333 0.03981481481481482 0.7713541666666667 0.049074074074074076 0.7708333333333334 0.05462962962962963 0.7744791666666667 0.06018518518518518 0.784375 0.06296296296296296 0.796875 0.053703703703703705
0 0.8541666666666666 0.6259259259259259 0.8609375 0.612037037037037 0.8729166666666667 0.6083333333333333 0.8770833333333333 0.600925925925926 0.8880208333333334 0.600925925925926 0.8921875 0.5935185185185186 0.9041666666666667 0.6092592592592593 0.9078125 0.6027777777777777 0.9078125 0.5712962962962963 0.9057291666666667 0.5601851851851852 0.8921875 0.5481481481481482 0.8765625 0.5472222222222223 0.8598958333333333 0.5583333333333333 0.8557291666666667 0.5685185185185185 0.85625 0.5833333333333334 0.8484375 0.612037037037037 0.8494791666666667 0.6259259259259259 0.8541666666666666 0.6259259259259259
0 0.6697916666666667 0.4898148148148148 0.6729166666666667 0.4842592592592593 0.6802083333333333 0.4842592592592593 0.6947916666666667 0.4666666666666667 0.70625 0.44074074074074077 0.7317708333333334 0.41944444444444445 0.7489583333333333 0.4 0.7489583333333333 0.3962962962962963 0.7432291666666667 0.39537037037037037 0.7401041666666667 0.3824074074074074 0.73125 0.3851851851851852 0.7208333333333333 0.3787037037037037 0.7046875 0.37962962962962965 0.6880208333333333 0.39537037037037037 0.6833333333333333 0.4148148148148148 0.6713541666666667 0.4305555555555556 0.6666666666666666 0.44166666666666665 0.6578125 0.4462962962962963 0.6557291666666667 0.45092592592592595 0.65625 0.48518518518518516 0.6578125 0.4898148148148148 0.6697916666666667 0.4898148148148148
0 0.6010416666666667 0.7768518518518519 0.5989583333333334 0.7685185185185185 0.5947916666666667 0.7685185185185185 0.5911458333333334 0.774074074074074 0.590625 0.7805555555555556 0.5942708333333333 0.7851851851851852 0.5994791666666667 0.7824074074074074 0.6010416666666667 0.7768518518518519
0 0.6098958333333333 0.6953703703703704 0.6109375 0.687962962962963 0.6078125 0.6824074074074075 0.6010416666666667 0.6861111111111111 0.5994791666666667 0.6972222222222222 0.6046875 0.7046296296296296 0.6046875 0.700925925925926 0.6098958333333333 0.6953703703703704
0 0.6203125 0.6194444444444445 0.6265625 0.6175925925925926 0.63125 0.6111111111111112 0.6348958333333333 0.5990740740740741 0.6307291666666667 0.5962962962962963 0.6270833333333333 0.5879629629629629 0.61875 0.5851851851851851 0.6161458333333333 0.5888888888888889 0.6145833333333334 0.5972222222222222 0.6078125 0.6074074074074074 0.6119791666666666 0.6166666666666667 0.6203125 0.6194444444444445
0 0.6755208333333333 0.5212962962962963 0.6932291666666667 0.5055555555555555 0.6890625 0.5 0.675 0.4962962962962963 0.6651041666666667 0.49722222222222223 0.65625 0.5055555555555555 0.6552083333333333 0.512962962962963 0.6572916666666667 0.5212962962962963 0.665625 0.5259259259259259 0.6755208333333333 0.5212962962962963
0 0.5244791666666667 0.5148148148148148 0.5166666666666667 0.5212962962962963 0.5166666666666667 0.5305555555555556 0.5213541666666667 0.5268518518518519 0.5260416666666666 0.5157407407407407 0.5338541666666666 0.5157407407407407 0.5369791666666667 0.5074074074074074 0.540625 0.5046296296296297 0.546875 0.5074074074074074 0.5484375 0.5212962962962963 0.5572916666666666 0.5305555555555556 0.5604166666666667 0.5444444444444444 0.5526041666666667 0.5537037037037037 0.5484375 0.5509259259259259 0.5479166666666667 0.5601851851851852 0.5359375 0.5796296296296296 0.5473958333333333 0.6046296296296296 0.5432291666666667 0.6185185185185185 0.5484375 0.6231481481481481 0.5536458333333333 0.6037037037037037 0.575 0.5638888888888889 0.5723958333333333 0.5481481481481482 0.5796875 0.5185185185185185 0.5890625 0.5074074074074074 0.6072916666666667 0.47685185185185186 0.6109375 0.47962962962962963 0.6296875 0.45 0.6333333333333333 0.4398148148148148 0.6427083333333333 0.43796296296296294 0.6484375 0.42777777777777776 0.6604166666666667 0.41944444444444445 0.6609375 0.41574074074074074 0.6552083333333333 0.3990740740740741 0.6614583333333334 0.3907407407407407 0.6614583333333334 0.387037037037037 0.6510416666666666 0.375 0.65234375 0.36435185185185187 0.6557291666666667 0.3574074074074074 0.6557291666666667 0.3490740740740741 0.628125 0.33240740740740743 0.6145833333333334 0.3351851851851852 0.5984375 0.34629629629629627 0.5880208333333333 0.3490740740740741 0.5833333333333334 0.36018518518518516 0.5828125 0.3648148148148148 0.5859375 0.37037037037037035 0.5796875 0.38425925925925924 0.575 0.41574074074074074 0.5473958333333333 0.42592592592592593 0.5322916666666667 0.44166666666666665 0.5192708333333333 0.46111111111111114 0.5 0.47685185185185186 0.496875 0.4824074074074074 0.525 0.4787037037037037 0.5291666666666667 0.48703703703703705 0.5244791666666667 0.5148148148148148
0 0.3927083333333333 0.5222222222222223 0.4036458333333333 0.5111111111111111 0.4119791666666667 0.5120370370370371 0.41822916666666665 0.5018518518518519 0.4354166666666667 0.4925925925925926 0.4390625 0.4787037037037037 0.4432291666666667 0.4787037037037037 0.44479166666666664 0.4740740740740741 0.4546875 0.4666666666666667 0.4625 0.4685185185185185 0.4744791666666667 0.46111111111111114 0.4791666666666667 0.46296296296296297 0.4890625 0.4583333333333333 0.4953125 0.4462962962962963 0.4953125 0.42592592592592593 0.49166666666666664 0.41944444444444445 0.4875 0.4185185185185185 0.459375 0.4305555555555556 0.446875 0.42592592592592593 0.43125 0.4287037037037037 0.4234375 0.43148148148148147 0.4114583333333333 0.45092592592592595 0.40677083333333336 0.48148148148148145 0.4015625 0.49907407407407406 0.396875 0.5055555555555555 0.3927083333333333 0.5222222222222223
0 0.5135416666666667 0.21203703703703702 0.5270833333333333 0.18981481481481483 0.5421875 0.1537037037037037 0.5421875 0.13425925925925927 0.5359375 0.13148148148148148 0.521875 0.13703703703703704 0.5005208333333333 0.1537037037037037 0.4895833333333333 0.15555555555555556 0.4734375 0.17685185185185184 0.46927083333333336 0.19166666666666668 0.4703125 0.19444444444444445 0.49114583333333334 0.18981481481481483 0.5135416666666667 0.21203703703703702
0 0.6026041666666667 0.24074074074074073 0.60625 0.2462962962962963 0.6234375 0.23981481481481481 0.63125 0.23148148148148148 0.6359375 0.22037037037037038 0.6354166666666666 0.21203703703703702 0.6270833333333333 0.2074074074074074 0.6135416666666667 0.2064814814814815 0.60625 0.2175925925925926 0.596875 0.22407407407407406 0.6005208333333333 0.22592592592592592 0.6026041666666667 0.24074074074074073
0 0.6182291666666667 0.30925925925925923 0.6135416666666667 0.30648148148148147 0.6083333333333333 0.31296296296296294 0.6078125 0.31851851851851853 0.6114583333333333 0.32222222222222224 0.6166666666666667 0.3175925925925926 0.6182291666666667 0.30925925925925923
0 0.634375 0.33240740740740743 0.6515625 0.30185185185185187 0.6567708333333333 0.2861111111111111 0.6588541666666666 0.2601851851851852 0.65 0.26296296296296295 0.6333333333333333 0.2898148148148148 0.6322916666666667 0.30277777777777776 0.6375 0.31296296296296294 0.6338541666666667 0.325 0.634375 0.33240740740740743
0 0.6541666666666667 0.2537037037037037 0.6578125 0.25555555555555554 0.665625 0.2518518518518518 0.6645833333333333 0.24444444444444444 0.671875 0.22037037037037038 0.6786458333333333 0.21481481481481482 0.6802083333333333 0.20462962962962963 0.6734375 0.20092592592592592 0.65625 0.20277777777777778 0.6458333333333334 0.21203703703703702 0.6520833333333333 0.21944444444444444 0.6505208333333333 0.24351851851851852 0.6541666666666667 0.2537037037037037
0 0.6885416666666667 0.36574074074074076 0.6885416666666667 0.3611111111111111 0.6848958333333334 0.3574074074074074 0.6755208333333333 0.362962962962963 0.6744791666666666 0.3712962962962963 0.6765625 0.375 0.6859375 0.37222222222222223 0.6885416666666667 0.36574074074074076
0 0.6854166666666667 0.2814814814814815 0.6776041666666667 0.2777777777777778 0.66875 0.287962962962963 0.6697916666666667 0.29814814814814816 0.6776041666666667 0.3 0.6838541666666667 0.29259259259259257 0.6854166666666667 0.2814814814814815
0 0.6921875 0.24444444444444444 0.70625 0.23703703703703705 0.7161458333333334 0.20925925925925926 0.7098958333333333 0.2 0.6979166666666666 0.2 0.6927083333333334 0.20277777777777778 0.6755208333333333 0.22685185185185186 0.6770833333333334 0.23796296296296296 0.6734375 0.24722222222222223 0.6833333333333333 0.25555555555555554 0.6921875 0.24444444444444444
0 0.5203125 0.3101851851851852 0.5484375 0.29444444444444445 0.546875 0.28425925925925927 0.5489583333333333 0.27037037037037037 0.5432291666666667 0.26481481481481484 0.5338541666666666 0.26481481481481484 0.5203125 0.275 0.51875 0.28425925925925927 0.5145833333333333 0.29074074074074074 0.5151041666666667 0.29814814814814816 0.5203125 0.3101851851851852
0 0.49270833333333336 0.7194444444444444 0.4947916666666667 0.7277777777777777 0.4942708333333333 0.7518518518518519 0.4973958333333333 0.7388888888888889 0.5057291666666667 0.7388888888888889 0.509375 0.7203703703703703 0.5140625 0.7129629629629629 0.5161458333333333 0.6958333333333333 0.5223958333333333 0.6731481481481482 0.525 0.6462962962962963 0.5197916666666667 0.6425925925925926 0.5135416666666667 0.6435185185185185 0.49114583333333334 0.6620370370370371 0.4739583333333333 0.7027777777777777 0.471875 0.7083333333333334 0.47604166666666664 0.712037037037037 0.478125 0.7287037037037037 0.49270833333333336 0.7194444444444444
0 0.5567708333333333 0.7638888888888888 0.5640625 0.7759259259259259 0.56875 0.7759259259259259 0.5723958333333333 0.7694444444444445 0.5791666666666667 0.7666666666666667 0.584375 0.7527777777777778 0.5942708333333333 0.7481481481481481 0.6020833333333333 0.7398148148148148 0.6010416666666667 0.7277777777777777 0.5927083333333333 0.7157407407407408 0.5760416666666667 0.7101851851851851 0.571875 0.7138888888888889 0.5682291666666667 0.7064814814814815 0.5619791666666667 0.7166666666666667 0.5677083333333334 0.7287037037037037 0.5645833333333333 0.7416666666666667 0.5604166666666667 0.7472222222222222 0.5567708333333333 0.7638888888888888
0 0.5609375 0.6814814814814815 0.5552083333333333 0.6777777777777778 0.55 0.687037037037037 0.5489583333333333 0.6962962962962963 0.5536458333333333 0.7018518518518518 0.5588541666666667 0.6962962962962963 0.5609375 0.6814814814814815
0 0.6552083333333333 0.6916666666666667 0.6557291666666667 0.7092592592592593 0.6588541666666666 0.7203703703703703 0.665625 0.7185185185185186 0.6671875 0.7101851851851851 0.6807291666666667 0.6907407407407408 0.68125 0.6824074074074075 0.6854166666666667 0.6814814814814815 0.6880208333333333 0.6759259259259259 0.6984375 0.6731481481481482 0.7020833333333333 0.675 0.7046875 0.6842592592592592 0.7125 0.674074074074074 0.7145833333333333 0.6666666666666666 0.7239583333333334 0.6685185185185185 0.7427083333333333 0.6898148148148148 0.7421875 0.7287037037037037 0.7458333333333333 0.7462962962962963 0.7494791666666667 0.7472222222222222 0.7453125 0.7157407407407408 0.7463541666666667 0.7111111111111111 0.7557291666666667 0.7046296296296296 0.7541666666666667 0.6953703703703704 0.7489583333333333 0.687037037037037 0.721875 0.6611111111111111 0.7229166666666667 0.649074074074074 0.7213541666666666 0.637962962962963 0.7291666666666666 0.6231481481481481 0.7338541666666667 0.6212962962962963 0.7348958333333333 0.6175925925925926 0.7067708333333333 0.6074074074074074 0.6911458333333333 0.6083333333333333 0.6541666666666667 0.6416666666666667 0.6401041666666667 0.6620370370370371 0.6541666666666667 0.6620370370370371 0.6609375 0.6768518518518518 0.6552083333333333 0.6916666666666667
0 0.7979166666666667 0.8537037037037037 0.79375 0.8379629629629629 0.7864583333333334 0.8342592592592593 0.7791666666666667 0.837037037037037 0.7729166666666667 0.85 0.7760416666666666 0.8666666666666667 0.7828125 0.8777777777777778 0.790625 0.8722222222222222 0.7979166666666667 0.8537037037037037
0 0.8260416666666667 0.8490740740740741 0.8416666666666667 0.8416666666666667 0.8458333333333333 0.8111111111111111 0.8442708333333333 0.7870370370370371 0.8421875 0.7833333333333333 0.81875 0.7861111111111111 0.8192708333333333 0.7907407407407407 0.8265625 0.7972222222222223 0.8244791666666667 0.825 0.8260416666666667 0.8490740740740741
0 0.9078125 0.8453703703703703 0.9067708333333333 0.8564814814814815 0.9088541666666666 0.8611111111111112 0.9197916666666667 0.8685185185185185 0.9197916666666667 0.8527777777777777 0.9255208333333333 0.8175925925925925 0.925 0.7981481481481482 0.9203125 0.7916666666666666 0.9052083333333333 0.7944444444444444 0.9052083333333333 0.8064814814814815 0.9130208333333333 0.8361111111111111 0.9130208333333333 0.8416666666666667 0.9078125 0.8453703703703703
0 0.9619791666666667 0.8898148148148148 0.959375 0.8787037037037037 0.9552083333333333 0.8740740740740741 0.9458333333333333 0.8740740740740741 0.9432291666666667 0.8777777777777778 0.9427083333333334 0.887962962962963 0.946875 0.9009259259259259 0.9588541666666667 0.8981481481481481 0.9619791666666667 0.8898148148148148
0 0.4552083333333333 0.6759259259259259 0.4671875 0.6657407407407407 0.4734375 0.6555555555555556 0.478125 0.6435185185185185 0.478125 0.6305555555555555 0.46979166666666666 0.6222222222222222 0.4625 0.6212962962962963 0.4479166666666667 0.6342592592592593 0.44166666666666665 0.6435185185185185 0.43854166666666666 0.6537037037037037 0.440625 0.6694444444444444 0.43802083333333336 0.6731481481481482 0.43854166666666666 0.6777777777777778 0.4552083333333333 0.6759259259259259
0 0.365625 0.7694444444444445 0.3723958333333333 0.7592592592592593 0.3729166666666667 0.7518518518518519 0.3859375 0.7388888888888889 0.3880208333333333 0.7240740740740741 0.38385416666666666 0.7157407407407408 0.371875 0.7101851851851851 0.3614583333333333 0.7157407407407408 0.353125 0.7148148148148148 0.35104166666666664 0.7268518518518519 0.35 0.75 0.35885416666666664 0.7620370370370371 0.3609375 0.7694444444444445 0.365625 0.7694444444444445
0 0.28072916666666664 0.575925925925926 0.2828125 0.5777777777777777 0.2921875 0.5685185185185185 0.29791666666666666 0.5564814814814815 0.30520833333333336 0.55 0.3067708333333333 0.5527777777777778 0.30572916666666666 0.5462962962962963 0.3125 0.5351851851851852 0.3171875 0.5305555555555556 0.3255208333333333 0.5305555555555556 0.34479166666666666 0.5 0.359375 0.4861111111111111 0.3640625 0.4722222222222222 0.3734375 0.4675925925925926 0.37552083333333336 0.46296296296296297 0.36666666666666664 0.4583333333333333 0.35989583333333336 0.45925925925925926 0.35260416666666666 0.4527777777777778 0.34010416666666665 0.45555555555555555 0.3171875 0.4925925925925926 0.30885416666666665 0.48518518518518516 0.3015625 0.487962962962963 0.290625 0.5055555555555555 0.2916666666666667 0.512962962962963 0.28854166666666664 0.5268518518518519 0.2859375 0.5287037037037037 0.290625 0.5305555555555556 0.2953125 0.549074074074074 0.28177083333333336 0.5675925925925925 0.28072916666666664 0.575925925925926
0 0.2677083333333333 0.7333333333333333 0.26875 0.7277777777777777 0.2869791666666667 0.7046296296296296 0.2953125 0.687962962962963 0.3145833333333333 0.6657407407407407 0.3234375 0.6675925925925926 0.3260416666666667 0.6953703703703704 0.33177083333333335 0.6305555555555555 0.3416666666666667 0.6138888888888889 0.34270833333333334 0.6064814814814815 0.3380208333333333 0.5972222222222222 0.33177083333333335 0.5990740740740741 0.32760416666666664 0.5907407407407408 0.3015625 0.5990740740740741 0.2703125 0.637962962962963 0.2708333333333333 0.6472222222222223 0.278125 0.6657407407407407 0.2375 0.7472222222222222 0.2359375 0.7546296296296297 0.2375 0.7592592592592593 0.2526041666666667 0.7574074074074074 0.2677083333333333 0.7333333333333333
0 0.22916666666666666 0.7277777777777777 0.23645833333333333 0.7185185185185186 0.2453125 0.7 0.24479166666666666 0.6935185185185185 0.2390625 0.6888888888888889 0.21145833333333333 0.7046296296296296 0.20104166666666667 0.7203703703703703 0.20104166666666667 0.7324074074074074 0.19322916666666667 0.7361111111111112 0.19010416666666666 0.7444444444444445 0.18958333333333333 0.7481481481481481 0.19270833333333334 0.7518518518518519 0.2203125 0.7518518518518519 0.22916666666666666 0.7277777777777777
0 0.228125 0.6342592592592593 0.228125 0.6259259259259259 0.22291666666666668 0.6231481481481481 0.21666666666666667 0.6268518518518519 0.20989583333333334 0.6435185185185185 0.209375 0.65 0.21197916666666666 0.6518518518518519 0.21822916666666667 0.6481481481481481 0.228125 0.6342592592592593
0 0.07708333333333334 0.825925925925926 0.07239583333333334 0.8287037037037037 0.0515625 0.8268518518518518 0.044270833333333336 0.8314814814814815 0.04479166666666667 0.8351851851851851 0.05572916666666667 0.8388888888888889 0.07864583333333333 0.8407407407407408 0.07708333333333334 0.825925925925926
0 0.3614583333333333 0.39444444444444443 0.35520833333333335 0.3962962962962963 0.3536458333333333 0.40370370370370373 0.3567708333333333 0.4083333333333333 0.36354166666666665 0.4074074074074074 0.3614583333333333 0.39444444444444443
0 0.4088541666666667 0.38333333333333336 0.41458333333333336 0.37222222222222223 0.41510416666666666 0.3638888888888889 0.4125 0.3592592592592593 0.40572916666666664 0.3611111111111111 0.39791666666666664 0.37037037037037035 0.38958333333333334 0.37407407407407406 0.3859375 0.38425925925925924 0.3807291666666667 0.40555555555555556 0.39166666666666666 0.3990740740740741 0.4078125 0.3990740740740741 0.4088541666666667 0.38333333333333336
0 0.40572916666666664 0.34074074074074073 0.3953125 0.3388888888888889 0.3885416666666667 0.35 0.3890625 0.3574074074074074 0.39375 0.3611111111111111 0.4015625 0.3537037037037037 0.40572916666666664 0.34074074074074073
0 0.38177083333333334 0.21203703703703702 0.37864583333333335 0.20833333333333334 0.3697916666666667 0.2111111111111111 0.36302083333333335 0.225 0.36302083333333335 0.22962962962962963 0.3697916666666667 0.23981481481481481 0.38125 0.21944444444444444 0.38177083333333334 0.21203703703703702
0 0.6619791666666667 0.18888888888888888 0.6645833333333333 0.17962962962962964 0.6760416666666667 0.16203703703703703 0.6791666666666667 0.15 0.6729166666666667 0.1425925925925926 0.665625 0.14537037037037037 0.6588541666666666 0.15462962962962962 0.6583333333333333 0.15925925925925927 0.6625 0.17407407407407408 0.659375 0.18888888888888888 0.6619791666666667 0.18888888888888888
0 0.8520833333333333 0.15092592592592594 0.8489583333333334 0.14351851851851852 0.8416666666666667 0.14351851851851852 0.8354166666666667 0.15 0.834375 0.15833333333333333 0.8416666666666667 0.16944444444444445 0.8484375 0.16666666666666666 0.8520833333333333 0.15092592592592594
0 0.7276041666666667 0.26296296296296295 0.725 0.2574074074074074 0.7161458333333334 0.2574074074074074 0.7109375 0.26296296296296295 0.7119791666666667 0.26944444444444443 0.7166666666666667 0.2712962962962963 0.725 0.26944444444444443 0.7276041666666667 0.26296296296296295
0 0.7520833333333333 0.21944444444444444 0.7484375 0.21388888888888888 0.7401041666666667 0.21203703703703702 0.73125 0.21851851851851853 0.7239583333333334 0.22962962962962963 0.7239583333333334 0.24166666666666667 0.7385416666666667 0.24074074074074073 0.7484375 0.23425925925925925 0.7520833333333333 0.21944444444444444
0 0.6791666666666667 0.5879629629629629 0.678125 0.5833333333333334 0.6708333333333333 0.587037037037037 0.6703125 0.5925925925925926 0.6734375 0.5962962962962963 0.6770833333333334 0.5944444444444444 0.6791666666666667 0.5879629629629629
0 0.7098958333333333 0.5055555555555555 0.7098958333333333 0.5009259259259259 0.70625 0.4981481481481482 0.6994791666666667 0.5027777777777778 0.6989583333333333 0.5092592592592593 0.7020833333333333 0.512962962962963 0.7067708333333333 0.5120370370370371 0.7098958333333333 0.5055555555555555
0 0.7697916666666667 0.4666666666666667 0.7671875 0.46111111111111114 0.7625 0.46111111111111114 0.7557291666666667 0.4666666666666667 0.7526041666666666 0.4740740740740741 0.7541666666666667 0.48333333333333334 0.7640625 0.4842592592592593 0.76875 0.4787037037037037 0.7697916666666667 0.4666666666666667
0 0.9994791666666667 0.325 0.9911458333333333 0.32592592592592595 0.9875 0.33055555555555555 0.9864583333333333 0.3388888888888889 0.9901041666666667 0.3453703703703704 0.9994791666666667 0.34444444444444444 0.9994791666666667 0.325
0 0.9005208333333333 0.12222222222222222 0.8963541666666667 0.11666666666666667 0.8885416666666667 0.11574074074074074 0.8817708333333333 0.12685185185185185 0.8817708333333333 0.13518518518518519 0.8890625 0.13703703703703704 0.8989583333333333 0.12962962962962962 0.9005208333333333 0.12222222222222222
0 0.8229166666666666 0.2675925925925926 0.8171875 0.2601851851851852 0.8098958333333334 0.26296296296296295 0.8088541666666667 0.275 0.8130208333333333 0.2777777777777778 0.8197916666666667 0.275 0.8229166666666666 0.2675925925925926
0 0.8104166666666667 0.24444444444444444 0.8083333333333333 0.24814814814814815 0.8098958333333334 0.25092592592592594 0.8145833333333333 0.24722222222222223 0.8104166666666667 0.24444444444444444
0 0.9088541666666666 0.7351851851851852 0.9109375 0.7222222222222222 0.9098958333333333 0.7138888888888889 0.903125 0.7101851851851851 0.8963541666666667 0.7175925925925926 0.8963541666666667 0.725 0.9 0.7324074074074074 0.9036458333333334 0.7361111111111112 0.9088541666666666 0.7351851851851852
0 0.515625 0.9777777777777777 0.5223958333333333 0.9666666666666667 0.5369791666666667 0.9657407407407408 0.5328125 0.9592592592592593 0.5302083333333333 0.9453703703703704 0.5182291666666666 0.9361111111111111 0.49635416666666665 0.9546296296296296 0.4947916666666667 0.9583333333333334 0.496875 0.9694444444444444 0.5052083333333334 0.9805555555555555 0.515625 0.9777777777777777
0 0.13802083333333334 0.7083333333333334 0.13072916666666667 0.7046296296296296 0.12239583333333333 0.7157407407407408 0.12083333333333333 0.7268518518518519 0.12708333333333333 0.7296296296296296 0.1375 0.7166666666666667 0.13802083333333334 0.7083333333333334
0 0.9869791666666666 0.6851851851851852 0.9854166666666667 0.6805555555555556 0.9828125 0.6777777777777778 0.9760416666666667 0.6805555555555556 0.9744791666666667 0.6898148148148148 0.9765625 0.6962962962962963 0.9859375 0.6972222222222222 0.9869791666666666 0.6851851851851852
0 0.428125 0.3101851851851852 0.42291666666666666 0.3074074074074074 0.41458333333333336 0.3175925925925926 0.41354166666666664 0.32592592592592595 0.42083333333333334 0.3287037037037037 0.4265625 0.3212962962962963 0.428125 0.3101851851851852
0 0.2875 0.3351851851851852 0.28072916666666664 0.33240740740740743 0.2760416666666667 0.34074074074074073 0.2760416666666667 0.3472222222222222 0.2791666666666667 0.35 0.28489583333333335 0.3453703703703704 0.2875 0.3351851851851852
0 0.2677083333333333 0.5842592592592593 0.26927083333333335 0.5740740740740741 0.2671875 0.5731481481481482 0.246875 0.612037037037037 0.24583333333333332 0.6157407407407407 0.24791666666666667 0.6175925925925926 0.2604166666666667 0.6018518518518519 0.2677083333333333 0.5842592592592593
0 0.3572916666666667 0.6333333333333333 0.35260416666666666 0.6398148148148148 0.35208333333333336 0.649074074074074 0.35833333333333334 0.65 0.3640625 0.6342592592592593 0.3572916666666667 0.6333333333333333
0 0.4161458333333333 0.6037037037037037 0.4109375 0.600925925925926 0.40520833333333334 0.6074074074074074 0.4046875 0.6148148148148148 0.4088541666666667 0.6166666666666667 0.4125 0.6138888888888889 0.4161458333333333 0.6037037037037037
0 0.7697916666666667 0.6888888888888889 0.7671875 0.6824074074074075 0.7609375 0.687037037037037 0.7604166666666666 0.6935185185185185 0.7630208333333334 0.6972222222222222 0.7677083333333333 0.6953703703703704 0.7697916666666667 0.6888888888888889
0 0.43697916666666664 0.1685185185185185 0.4354166666666667 0.16111111111111112 0.4265625 0.16574074074074074 0.42552083333333335 0.1712962962962963 0.4270833333333333 0.17592592592592593 0.4322916666666667 0.17592592592592593 0.43697916666666664 0.1685185185185185
0 0.7973958333333333 0.4740740740740741 0.7979166666666667 0.462037037037037 0.7947916666666667 0.45925925925925926 0.7885416666666667 0.4648148148148148 0.7880208333333333 0.4703703703703704 0.790625 0.4759259259259259 0.7947916666666667 0.4777777777777778 0.7973958333333333 0.4740740740740741
0 0.17552083333333332 0.38796296296296295 0.16875 0.38796296296296295 0.16145833333333334 0.3972222222222222 0.16041666666666668 0.40370370370370373 0.1625 0.4083333333333333 0.1703125 0.4083333333333333 0.17552083333333332 0.38796296296296295