0 0.29001853072916667 0.102991025 0.2945583625 0.08510787407407408 0.29167222239583335 0.08001166296296296 0.2789279052083333 0.07338215648148148 0.255157878125 0.046448504629629635 0.23992961302083332 0.047797822222222223 0.23007143645833333 0.046264526851851846 0.22662105104166666 0.04201001851851852 0.2021442479166667 0.04006193425925926 0.19050254895833335 0.04289855185185185 0.18589780156250002 0.051476978703703706 0.187065334375 0.07024782777777779 0.19877194895833333 0.07671593518518519 0.20851346614583333 0.09124356481481481 0.21315725677083333 0.10311939259259259 0.21841750729166665 0.16621155648148148 0.22495512916666666 0.1820997925925926 0.2302929953125 0.2117433675925926 0.24235005781250002 0.2535855685185185 0.24377043125 0.256594875 0.24550855989583334 0.2531473648148148 0.24594297447916666 0.23369621203703703 0.25460774583333334 0.22760818796296298 0.2778462203125 0.2972144537037037 0.28488317239583333 0.30295626296296296 0.2871401520833333 0.2995894518518518 0.285946746875 0.2919681324074074 0.2758679526041667 0.27367019259259256 0.257117565625 0.20847983518518517 0.24868611302083332 0.1885791898148148 0.24812821822916667 0.1680442351851852 0.2419991390625 0.14385437592592593 0.2402219671875 0.1268476324074074 0.2329190041666667 0.10526358148148149 0.23860684791666667 0.09592415092592593 0.2478099921875 0.10014395462962963 0.25924424479166663 0.11214647685185185 0.25701313697916667 0.1043637574074074 0.25934138229166664 0.08892501481481482 0.27161224166666664 0.09455141851851852 0.2824822489583333 0.10739564351851852 0.29001853072916667 0.102991025
0 0.48023637083333337 0.20042741851851853 0.47834253958333334 0.19641501018518517 0.474282515625 0.19392460648148147 0.4719347484375 0.19913622222222221 0.4773697520833334 0.20555833518518518 0.48023637083333337 0.20042741851851853
0 0.434032253125 0.13003757129629628 0.43100993177083335 0.12770856759259258 0.41864828541666665 0.12392696851851852 0.41478935729166666 0.1279740824074074 0.4210350958333333 0.13916960740740741 0.4275985895833333 0.1439083138888889 0.433104859375 0.13825849444444444 0.434032253125 0.13003757129629628
0 0.4088291520833333 0.14284792777777777 0.40598840520833335 0.1368293138888889 0.39536488750000004 0.1296002037037037 0.3929263328125 0.136656625 0.3983354645833333 0.1542282675925926 0.4079471515625 0.15014644814814815 0.4088291520833333 0.14284792777777777
0 0.39376929010416667 0.10890385 0.39323091718750003 0.09859602314814815 0.37809978958333335 0.0767238787037037 0.36645809010416663 0.0795604962962963 0.3641557166666667 0.08384970925925926 0.36422063177083336 0.09315443425925926 0.3706479447916667 0.10066034814814816 0.37222402083333334 0.11112957500000001 0.3921219484375 0.11050655648148149 0.39376929010416667 0.10890385
0 0.3253648708333333 0.04342623518518519 0.3225046026041667 0.027180494444444446 0.30630989999999997 0.01629647962962963 0.2989097994791667 0.01793389074074074 0.29529736145833335 0.027596119444444445 0.298611565625 0.034617835185185186 0.3000968546875 0.04693186666666667 0.3178285895833334 0.047830853703703706 0.3253648708333333 0.04342623518518519
0 0.225661609375 0 0.22498641041666667 0.0008594101851851851 0.226134421875 0.009403131481481482 0.23813291927083335 0.020563950925925927 0.24812727708333335 0.01933003888888889 0.2520315984375 0.014360522222222222 0.25178510885416666 0.008745407407407408 0.2437779744791667 0 0.225661609375 0
0 0.14102021354166666 0.527817587962963 0.1422653625 0.5131398472222223 0.13861388125 0.5023478222222223 0.12255535937499999 0.4886966 0.10694442395833333 0.48719800925925927 0.0928641703125 0.49709104814814814 0.09024404114583334 0.5078370787037038 0.08870065833333333 0.5391987638888889 0.09201486302083332 0.5462204796296297 0.10472013645833332 0.5323957314814814 0.10850779895833333 0.54042055 0.11940367864583333 0.5421152444444445 0.123191340625 0.5501400629629629 0.1349433484375 0.5556857675925926 0.1410075125 0.5705709018518519 0.14567717552083334 0.5712972000000001 0.14739578229166667 0.557622562037037 0.14102021354166666 0.527817587962963
0 0.34726929166666665 0.4269834388888889 0.3454208541666667 0.42204862685185185 0.3368273479166667 0.4160647185185185 0.3327024088541667 0.4042695907407407 0.3215405182291667 0.3867326537037037 0.31782412135416666 0.3666359037037037 0.3019925677083333 0.3483726685185185 0.2859535677083333 0.3449485740740741 0.27525878437499995 0.3497913962962963 0.26657449166666664 0.3456522925925926 0.2628258723958333 0.3580817287037037 0.25707311302083335 0.35811643425925926 0.2568915390625 0.3618060444444444 0.2730603692708333 0.3838395888888889 0.29744003489583337 0.4090091342592593 0.30758374479166667 0.4366117990740741 0.32124910520833333 0.4563970398148148 0.328513025 0.45752683703703706 0.33135377187500004 0.46354544999999997 0.34328735416666667 0.4654015444444444 0.34507087604166664 0.46103163148148146 0.34726929166666665 0.4269834388888889
0 0.39596558958333333 0.7654461981481482 0.39576449375 0.7589086814814815 0.3924048958333334 0.7528093675925926 0.38825408437500003 0.7521637694444444 0.38577013593750004 0.7601425935185184 0.38705432864583333 0.7659191074074074 0.39210666197916666 0.769493312962963 0.39596558958333333 0.7654461981481482
0 0.39123054114583333 0.6810580777777778 0.39021871041666667 0.6697471481481482 0.3836552166666667 0.6650084416666666 0.38026974687500004 0.6700586583333333 0.38094430052083333 0.6775992777777778 0.385860453125 0.6839406898148148 0.38567887864583333 0.6876303 0.39123054114583333 0.6810580777777778
0 0.38108636093750003 0.5790983148148149 0.37993834947916666 0.5705545925925927 0.3775256671875 0.5664614842592592 0.36908786354166667 0.5679374953703703 0.36504736145833333 0.5756742194444444 0.3607603692708333 0.5777958287037037 0.3638022119791666 0.5903519601851852 0.36815411927083336 0.597535075 0.37428954895833333 0.6003482768518518 0.3827273520833333 0.5988722657407408 0.3873320994791667 0.5902938388888889 0.38108636093750003 0.5790983148148149
0 0.3447467708333333 0.4888651055555556 0.34407221666666665 0.48132448611111117 0.3356602854166667 0.47165096759259256 0.32584750208333335 0.46919527037037034 0.3116569401041666 0.4707059861111111 0.3072337671875 0.47559480370370366 0.32410302343749997 0.49401943796296294 0.33373423177083333 0.5001647453703704 0.34226282239583333 0.49684392962962964 0.3447467708333333 0.4888651055555556
0 0.5039755869791667 0.48295855092592593 0.501134840625 0.47693993796296297 0.4827090296875 0.4582732037037037 0.4706910109375 0.4368852574074074 0.4564160114583334 0.4188641222222222 0.4294162166666667 0.40444060740740745 0.4262899369791667 0.37235262407407405 0.4207446244791667 0.3575481898148148 0.42413009427083337 0.3524979731481481 0.4238382109375 0.3478052611111111 0.41971327187499996 0.33601013333333335 0.40947242447916665 0.33162893055555553 0.39393275468750005 0.31805840740740743 0.3805787989583333 0.31319300648148146 0.35226258906249996 0.3255191638888889 0.351854046875 0.3338207861111111 0.3548861286458333 0.3412633537037037 0.35566123072916667 0.35207273148148144 0.34469408541666663 0.36244996944444446 0.3445125109375 0.3661395787037037 0.35033018541666666 0.37540959907407406 0.3438057348958334 0.3911251462962963 0.3441430119791667 0.39489545555555555 0.3556680515625 0.40505317314814815 0.3608760869791666 0.41608729814814815 0.3701246255208333 0.41938469814814816 0.3732572552083333 0.4300960240740741 0.3904833104166666 0.46251809537037036 0.3942514510416667 0.460315787037037 0.41091326093749997 0.4935795611111111 0.41970786250000003 0.5061009861111111 0.42551918645833336 0.536747662962963 0.4221532380208333 0.5520250064814815 0.4414742203125 0.5949970046296297 0.4457094682291666 0.6151744546296296 0.45112495052083335 0.6113694398148148 0.44765504375000004 0.5968878037037036 0.4602954020833333 0.5737583314814815 0.4493150854166667 0.5525317842592593 0.44925017031250003 0.5432270592592592 0.44496317812499997 0.5453486685185185 0.43763434322916667 0.5349141472222222 0.44142835625000004 0.5215623083333333 0.4507027661458333 0.5137101796296296 0.45294022447916665 0.5001162416666667 0.45930262239583336 0.49831743148148144 0.4627984010416667 0.5016495370370371 0.4655029671875 0.5104353583333333 0.47328573802083335 0.5116458546296296 0.47741067760416667 0.5234409824074074 0.481898765625 0.5278568898148147 0.48235270208333336 0.5186328648148149 0.4748876859375 0.510965550925926 0.47157983177083335 0.4825671787037037 0.4761391859375 0.4749111537037037 0.5039755869791667 0.48295855092592593
0 0.5937822739583333 0.4959972074074074 0.5906106005208334 0.4648316268518518 0.579630284375 0.44360508055555553 0.5719836937499999 0.43962737592592593 0.5565543328125 0.4344391759259259 0.5438749307291667 0.43711439444444444 0.516447071875 0.42076537407407405 0.5122508671875 0.4210421787037037 0.5083011520833334 0.42693409814814814 0.5073024921875 0.4472269527777778 0.5129385921874999 0.4601865824074074 0.5225698010416667 0.4663318907407407 0.5273302505208333 0.46521338333333334 0.5389006843749999 0.4744486981481481 0.5467742421874999 0.4738143888888889 0.5562692703125 0.48272690462962964 0.5575988562499999 0.48758101666666664 0.5617496677083333 0.48822661481481483 0.5647007234375 0.5026275509259259 0.5813688833333334 0.5145146675925926 0.5870957703124999 0.5256294925925926 0.5954427864583334 0.5259982861111112 0.6057939427083333 0.5387618111111111 0.6024602166666667 0.5215129675925926 0.598108309375 0.5143298527777778 0.5937822739583333 0.4959972074074074
0 0.5457283072916667 0.1976012537037037 0.5423037937499999 0.18219721574074074 0.527263453125 0.15848026574074073 0.5164583609375 0.15494076574074075 0.4960025385416667 0.13502883055555556 0.4822659119791667 0.12731552222222223 0.4759035145833333 0.1291143324074074 0.4749502484375 0.14848478518518518 0.4882265885416667 0.18679877592592595 0.500627278125 0.21103462962962963 0.5240273354166667 0.19236705925925926 0.5445544234375 0.20020706203703703 0.5457283072916667 0.1976012537037037
0 0.4079993661458333 0.20220448703703703 0.4012801697916667 0.1900058601851852 0.38774463958333333 0.18883006851851852 0.37921604895833333 0.19215088518518517 0.3782886552083333 0.20037180740740743 0.3824135942708333 0.21216693518518517 0.38978782291666664 0.2216790546296296 0.40659216406250004 0.23079896388888888 0.41049648541666667 0.22582944722222223 0.4132981890625 0.21139380648148148 0.4170209359375 0.2101139 0.4079993661458333 0.20220448703703703
0 0.4014949078125 0.3025042592592593 0.4012484182291667 0.2968891444444444 0.396377659375 0.28962532962962967 0.39157181614583336 0.2916662398148148 0.3927198276041667 0.30020996111111115 0.3976813734375 0.3056289712962963 0.4014949078125 0.3025042592592593
0 0.3778805833333333 0.2830305287037037 0.3774783911458333 0.26995549351851855 0.3621915609375 0.24062342870370373 0.35350726770833335 0.23648432592592594 0.3543116520833333 0.2626343944444445 0.35872847500000005 0.2791222342592593 0.37435258177083336 0.31222460925925927 0.3752345822916666 0.3049260888888889 0.3721927395833333 0.2923699583333333 0.3778805833333333 0.2830305287037037
0 0.3688390213541667 0.1905368898148148 0.3589159291666667 0.17969886944444444 0.3418846197916666 0.17519097222222224 0.33495797708333336 0.17783148518518518 0.3360152015625 0.18822001203703703 0.3424879083333333 0.19480352407407409 0.34857159375 0.21991578611111112 0.3471707421875 0.22713360648148148 0.3547719390625 0.23203371296296296 0.3584946859375 0.23075380555555555 0.36262597552083337 0.22117227685185187 0.3622496552083333 0.19694771296296296 0.3688390213541667 0.1905368898148148
0 0.33249449166666667 0.3447516324074074 0.3318653317708333 0.3362886101851852 0.3227983682291667 0.3293016 0.31898483385416665 0.3324263111111111 0.31875786562499997 0.3370383240740741 0.3210343671875 0.3438986407407407 0.3302375119791667 0.3481184435185185 0.33249449166666667 0.3447516324074074
0 0.34075025000000003 0.27260813333333334 0.34228728281250004 0.2626231046296296 0.3339661385416666 0.2511047814814815 0.32600179322916667 0.25358389537037035 0.32701362395833333 0.26489482407407405 0.33287669166666667 0.27324244166666667 0.34075025000000003 0.27260813333333334
0 0.336436915625 0.2115221740740741 0.3385381932291667 0.20069544351851853 0.32259633072916666 0.1740498861111111 0.31754399739583333 0.17047568148148148 0.3056104151041667 0.1686195861111111 0.2989302625 0.1768752148148148 0.30742663020833333 0.20608058518518518 0.3210724692708334 0.21563869814814815 0.3293482197916667 0.22807942407407408 0.3396149390625 0.22131109722222223 0.336436915625 0.2115221740740741
0 0.4918980619791667 0.28217502685185186 0.49079544375 0.27270890185185187 0.4778046369791667 0.26046428055555554 0.4684653119791667 0.2590116851851852 0.4624855848958333 0.2636584027777778 0.4638800859375 0.2778172388888889 0.4618242020833333 0.28772156759259254 0.48907048645833334 0.3077601972222222 0.49484911770833334 0.296575962037037 0.49573111770833334 0.2892774416666667 0.4918980619791667 0.28217502685185186
0 0.5178044125 0.7118983490740741 0.5160013682291666 0.7060411351851852 0.5008765911458333 0.6627923333333334 0.47947385312499996 0.6408741935185185 0.47329302968750003 0.6389833935185185 0.4679229411458333 0.6418660064814815 0.4692007833333333 0.6690191777777778 0.47431485677083335 0.692586436111111 0.47555048020833335 0.7099736814814814 0.47985699427083334 0.718079199074074 0.4825810817708333 0.7370921472222223 0.49088270416666663 0.7383833435185185 0.49336030208333337 0.7517811768518519 0.494021684375 0.7277180120370371 0.4965056328125 0.7197391888888889 0.5105795359375 0.7312228074074074 0.5134720265625 0.7149423611111111 0.5178044125 0.7118983490740741
0 0.4213370942708333 0.7173424481481481 0.42763457656250004 0.7062389129629629 0.42190768958333336 0.695124087962963 0.41791258072916665 0.7019384101851852 0.41394334374999997 0.6976032018518519 0.39706773749999996 0.7005552240740741 0.3881759979166667 0.711255261111111 0.38654817812500003 0.7230850935185186 0.3939224067708333 0.7325972129629629 0.40355361510416665 0.7387425203703704 0.40806122499999997 0.7533855555555555 0.41467011249999997 0.7572018601851852 0.4179843171875 0.7642235759259259 0.4226539796875 0.764949874074074 0.43050801614583334 0.754088437962963 0.42769314166666667 0.7369202944444444 0.4238146921875 0.7307402814814815 0.4213370942708333 0.7173424481481481
0 0.44160452135416667 0.6879635518518519 0.4410207546875 0.6785781277777778 0.43628617656249996 0.6685471046296296 0.4303972369791667 0.6713490175925927 0.4317463447916667 0.6864302564814815 0.436662496875 0.6927716694444445 0.44160452135416667 0.6879635518518519
0 0.35248508906250003 0.639712200925926 0.3394747609375 0.6172404527777777 0.30427048125 0.5783042796296296 0.28875033281249995 0.5749608842592593 0.26023302708333335 0.580749525 0.2610891552083333 0.5846005342592592 0.26566803072916667 0.587171637037037 0.27272450416666666 0.6031405731481482 0.2706232265625 0.6139673037037038 0.27107081197916666 0.626119936111111 0.24281951770833335 0.6477508185185185 0.23722246145833334 0.6552454435185185 0.23521197083333334 0.6642273694444444 0.244233540625 0.6721367824074075 0.24504427552083333 0.6769101944444444 0.23935008125 0.7076262814814815 0.24302743489583334 0.7072687768518519 0.2475218734375 0.6903080277777778 0.24890955364583334 0.6514864231481481 0.26863225781250005 0.6331763574074074 0.27806237031250003 0.6327841481481481 0.27977462708333334 0.6404861666666667 0.28705806822916663 0.6518430907407408 0.2901062614583333 0.6430225648148148 0.29382900833333336 0.6417426583333333 0.30406985572916667 0.6461238611111111 0.30639175104166666 0.6520617740740741 0.31049716875000005 0.653629775 0.3106074776041667 0.6620120972222222 0.32314434791666663 0.6834807435185185 0.3242923598958333 0.6920244657407407 0.330946640625 0.6949183675925926 0.33460447239583335 0.684333736111111 0.3359858026041667 0.6668887879629629 0.3310047348958333 0.6512426509259259 0.33847610104166664 0.6375333074074074 0.35248508906250003 0.639712200925926
0 0.20703288333333333 0.8225005157407408 0.2109630765625 0.8063814694444444 0.2053723703125 0.7924994370370371 0.19824463177083332 0.7886024324074073 0.1907991375 0.7911622462962963 0.18587663489583334 0.8061974907407408 0.19223268229166665 0.825775337037037 0.19974309166666665 0.8325202490740741 0.20703288333333333 0.8225005157407408
0 0.16769049322916668 0.7401654305555555 0.1684363125 0.7356341175925926 0.14522418020833333 0.7292354212962963 0.14296720000000002 0.7326022314814815 0.14023041197916666 0.7563425972222222 0.14288323385416665 0.7874274777777778 0.15808562708333335 0.7972276907407407 0.16082241510416667 0.773487325 0.16010881822916667 0.7454924509259259 0.16769049322916668 0.7401654305555555
0 0.08130831979166667 0.742530812037037 0.08189843697916667 0.7305395796296297 0.06698792708333333 0.7254320796296296 0.062000508854166664 0.7311625990740741 0.06052839166666667 0.7504523518518518 0.06451079947916667 0.7863913435185185 0.06373910833333334 0.8020721861111112 0.07499813645833334 0.796387661111111 0.07730051041666666 0.7920984481481481 0.07680753072916667 0.7808682185185185 0.07180059114583333 0.7763716111111112 0.07207295312499999 0.7708371953703704 0.08130831979166667 0.742530812037037
0 0.039956380208333336 0.8178918490740741 0.03993685885416667 0.8076647222222223 0.03752417604166667 0.803571612962963 0.028184851041666667 0.8021190175925926 0.023807071354166667 0.8060854314814815 0.020668091145833335 0.816750762962963 0.023372657291666665 0.8255365842592592 0.03517005833333333 0.8301598861111111 0.039956380208333336 0.8178918490740741
0 0.5508420286458333 0.6779994296296296 0.5536891255208333 0.662641387037037 0.551075346875 0.6520107601851851 0.5453030661458332 0.641818337962963 0.5314107375 0.6266451101851851 0.5241014239583334 0.6264377157407407 0.515391259375 0.6334481425925926 0.5147557484375 0.6463617768518519 0.5188352942708333 0.6590793074074074 0.52456218125 0.6701941324074074 0.5359964338541666 0.6821966546296296 0.5525088916666667 0.6866238518518518 0.5532547109375 0.6820925388888889 0.5508420286458333 0.6779994296296296
0 0.6371729286458333 0.7722902055555556 0.6372700661458333 0.7490687435185185 0.6357847776041667 0.7367547120370371 0.6274377614583333 0.7363859185185185 0.6173330947916666 0.7292375083333333 0.6051271510416666 0.7329158287037036 0.600567796875 0.7405718537037037 0.6019169046874999 0.7556530925925925 0.6142526791666667 0.7705842212962963 0.6144083817708333 0.7780441407407408 0.6206541203125 0.7892396657407407 0.6253237828124999 0.789965962962963 0.6277623375 0.7829095425925926 0.6371729286458333 0.7722902055555556
0 0.7070802755208334 0.562880587037037 0.7118407255208333 0.5617620796296297 0.7093372557291667 0.5595137759259259 0.7069050515625 0.5451935398148149 0.708305903125 0.5379757194444444 0.6982725026041667 0.5187553768518518 0.6911447635416667 0.5148583722222223 0.6824799921875001 0.5209463962962964 0.661466275 0.48049950740740743 0.649150021875 0.47579550555555555 0.641568346875 0.48112252592592597 0.6348686723958333 0.47915102685185185 0.6258212307291667 0.48239114351851853 0.6276696682291667 0.4873259546296297 0.636782025 0.49339056296296296 0.6407707838541667 0.5079528981481481 0.65461771875 0.5240485287037037 0.67231723125 0.5574737027777777 0.6806188541666667 0.5587648990740741 0.6850615484374999 0.5641032092592592 0.6912618932291666 0.5762211361111111 0.6899064354166666 0.5825165537037037 0.6915991703125 0.5799914453703704 0.6985453348958334 0.5875780601851852 0.7036625833333333 0.6004569898148149 0.7125479723958333 0.6111336101851852 0.7147141651041667 0.6096116046296296 0.7140850046874999 0.6011485824074073 0.701502740625 0.5806023388888889 0.7070802755208334 0.562880587037037
0 0.7505744182291667 0.7945754666666667 0.7493810130208334 0.7869541472222222 0.7129052411458333 0.6994881453703703 0.7210770333333334 0.6821698925925925 0.7220498208333334 0.6730265675925926 0.6928252682291667 0.6294436768518519 0.667291240625 0.6171070657407408 0.6627318869791666 0.6247630907407408 0.6565964572916666 0.6219498879629629 0.6514728583333333 0.6304476157407407 0.6521474125 0.6379882351851852 0.6611885041666666 0.6561247750000001 0.6637183161458334 0.7215806472222223 0.6676743817708334 0.6943120712962962 0.6765856432291667 0.6938391620370371 0.6946936984375001 0.7189627138888889 0.7021782354166667 0.7368571546296296 0.7192031942708332 0.7627417092592592 0.7199685354166667 0.7684375231481481 0.7338349921875 0.7947602814814815 0.7487908958333332 0.7989453796296296 0.7505744182291667 0.7945754666666667
0 0.7970699484375 0.7953009277777777 0.7967326713541667 0.7915306175925926 0.7940281057291667 0.7827447962962962 0.7864269088541668 0.7778446907407408 0.7870170260416667 0.7658534574074074 0.7774116895833333 0.7485586203703704 0.75068425625 0.7286006907407407 0.7447499229166666 0.7323250055555556 0.7439133161458333 0.7387011231481482 0.7518259177083333 0.7585210694444444 0.7586359010416667 0.7688748907407407 0.7662761411458334 0.7942292518518519 0.793775265625 0.7985063388888889 0.7970699484375 0.7953009277777777
0 0.7821653182291667 0.6944596722222222 0.7819642223958333 0.6879221546296296 0.7760362390625001 0.670269812962963 0.769991596875 0.6656118055555557 0.7646669015625 0.6675720157407407 0.7642583593750001 0.675873637962963 0.7734356317708334 0.6912429712962963 0.7794802739583333 0.6959009777777777 0.7821653182291667 0.6944596722222222
0 0.9370436390625 0.9044412962962963 0.9377440651041666 0.900832386111111 0.9307071135416667 0.8950905768518518 0.9098622697916666 0.8937073916666667 0.9053287880208334 0.8902138861111112 0.9030459359375 0.9047302268518519 0.9259661854166666 0.9064362111111111 0.9370436390625 0.9044412962962963
0 0.6505181807291667 0.42674677314814813 0.6493247755208333 0.4191254537037037 0.6431893458333333 0.41631225185185183 0.6404784296875 0.42890308796296295 0.6471781046875 0.43087458703703707 0.6505181807291667 0.42674677314814813
0 0.6234471208333333 0.4243951907407408 0.6193026598958333 0.4023729351851852 0.6161700296875 0.39166161018518514 0.6080499817708334 0.3866808037037037 0.600721146875 0.3762462824074074 0.594066865625 0.3733523805555556 0.5912456406250001 0.3775608935185185 0.5913559494791667 0.38594321574074075 0.5965185916666667 0.39789974351851853 0.596784603125 0.4137419851851852 0.6128689963541666 0.4162436777777778 0.6234471208333333 0.4243951907407408
0 0.6175059661458333 0.37513906481481485 0.6183879666666667 0.3678405444444444 0.612187621875 0.3557226175925926 0.60171980625 0.3559534268518519 0.6052351067708333 0.3695126601851852 0.6126547291666667 0.3781023768518519 0.6175059661458333 0.37513906481481485
0 0.6497128552083333 0.2518825074074074 0.6499398234375 0.24727049537037038 0.643875659375 0.2323853611111111 0.6351913666666668 0.2282462574074074 0.6318966833333334 0.23145166851851853 0.6320523859375 0.2389115888888889 0.6424684572916667 0.26097983888888887 0.6497128552083333 0.2518825074074074
0 0.3589740234375 0.13602315277777777 0.35868214010416666 0.13133044074074074 0.3523910078125 0.12105731851851852 0.34526326927083334 0.11716031481481481 0.3386739036458334 0.12357113796296296 0.34119689479166665 0.1360465685185185 0.35174914687500003 0.15534761111111112 0.3538894677083333 0.16497513425925928 0.35648372500000003 0.16537863333333333 0.35409691458333337 0.15013599537037037 0.3589740234375 0.13602315277777777
0 0.18364764218750002 0.10782423148148149 0.18301848177083332 0.09936120925925926 0.1771100203125 0.09193599444444445 0.16984610052083332 0.09080619814814815 0.16636984322916665 0.09770121944444445 0.16923011145833333 0.11394696018518519 0.17583899895833335 0.11776326481481482 0.18364764218750002 0.10782423148148149
0 0.3001304885416667 0.23747697500000003 0.3014859463541667 0.2311815564814815 0.2965697942708333 0.22484014444444445 0.2877493203125 0.22346824814814814 0.2848827015625 0.22859916481481482 0.28715920312500004 0.23545948055555557 0.29537003854166666 0.23859548240740744 0.3001304885416667 0.23747697500000003
0 0.2895587145833333 0.20794880555555556 0.2901488317708333 0.19595757314814813 0.28342963541666666 0.1837589462962963 0.2749269166666667 0.1759302324074074 0.26653450729166667 0.17648384166666667 0.26263018541666666 0.18145335833333334 0.2655358473958333 0.1967766962962963 0.27507626875 0.20476680925925927 0.2895587145833333 0.20794880555555556
0 0.32579622864583335 0.5658514277777777 0.3255497390625 0.560236312962963 0.31846739375 0.5554169064814816 0.3172027229166667 0.5598675194444445 0.3189603734375 0.5666471361111112 0.32250154583333335 0.5690568388888888 0.32579622864583335 0.5658514277777777
0 0.3013448270833334 0.4783967157407407 0.30114373072916667 0.4718591990740741 0.29462563072916664 0.4661980888888889 0.29085749010416667 0.46840039814814816 0.290630521875 0.47301241111111114 0.293425875 0.4799534268518518 0.2980501442708333 0.48160212777777783 0.3013448270833334 0.4783967157407407
0 0.24761759947916667 0.4440152712962963 0.24962808958333332 0.43503334537037036 0.24687813020833332 0.42716992685185184 0.24040542343750002 0.4205864148148148 0.2357357609375 0.4198601175925926 0.2328691421875 0.4249910333333333 0.233316728125 0.43714366574074076 0.23771402916666667 0.4434043787037037 0.24761759947916667 0.4440152712962963
0 0.0232912765625 0.264128387962963 0.022662116666666666 0.2556653657407408 0.019257124479166665 0.25048845462962965 0.011000895833333333 0.24827485648148148 0.0100476296875 0.26764530833333333 0.019341561458333333 0.2700203064814815 0.0232912765625 0.264128387962963
0 0.1375670046875 0.07742049074074074 0.13797554739583334 0.06911886759259259 0.13177520208333332 0.05700094074074074 0.1239470375 0.056712847222222224 0.11952386458333333 0.061601663888888894 0.12071726979166666 0.06922298333333333 0.13021229791666666 0.07813549907407408 0.1375670046875 0.07742049074074074
0 0.20335176562499999 0.22800123425925925 0.20290417968750002 0.21584860185185184 0.195776440625 0.21195159814814815 0.18970592656250002 0.21844312037037036 0.19245588593750002 0.22630653888888888 0.1990647734375 0.2301228435185185 0.20335176562499999 0.22800123425925925
0 0.20518703177083333 0.2013322611111111 0.20329320052083333 0.19731985277777778 0.19900620833333335 0.19944146203703705 0.20349429635416666 0.20385736944444444 0.20518703177083333 0.2013322611111111
0 0.09412343177083334 0.6627312879629629 0.09448658072916666 0.6553520685185185 0.08810466145833334 0.6469237518518518 0.08117801875 0.6495642648148148 0.0797317734375 0.6577044879629629 0.08117166822916667 0.6709409212962962 0.0863147890625 0.6726703212962962 0.09012832291666667 0.6695456101851851 0.09412343177083334 0.6627312879629629
0 0.4827186739583333 0.9573962342592593 0.48134369427083334 0.953464525 0.4604598078125 0.9316270851851851 0.4480722890625 0.9389950157407407 0.444797128125 0.9524275537037037 0.4403285614583333 0.9582387731481482 0.4548110072916666 0.9614207694444444 0.4610113520833333 0.9735386962962964 0.47125219947916663 0.9779198990740741 0.4800985453125 0.9681422648148148 0.4827186739583333 0.9573962342592593
0 0.8666023869791667 0.7847380388888888 0.86559055625 0.7734271092592593 0.8578336572916666 0.7610670833333333 0.8503881630208333 0.7636268962962963 0.8504984718749999 0.7720092185185184 0.8602399895833333 0.7865368490740741 0.8666023869791667 0.7847380388888888
0 0.018020678645833333 0.6155750287037036 0.016918060416666665 0.6061089046296296 0.010309172916666666 0.602292600925926 0.007578735416666666 0.6046563092592593 0.005795213020833333 0.6090262222222222 0.0062427984375000006 0.6211788546296296 0.015627517708333333 0.6217090472222223 0.018020678645833333 0.6155750287037036
0 0.5946633333333333 0.3399844907407407 0.5940341729166666 0.3315214685185185 0.5862318802083333 0.3200838453703704 0.5809071854166666 0.3220440546296296 0.5819190161458334 0.3333549842592593 0.5872632328125 0.3416219018518519 0.5946633333333333 0.3399844907407407
0 0.7305960510416667 0.3825044851851852 0.7309138062499999 0.3760476675925926 0.7266526859375 0.36701974722222225 0.7197714369791667 0.36873785833333333 0.7218663640624999 0.37928778425925924 0.7273467614583333 0.38478749444444443 0.7305960510416667 0.3825044851851852
0 0.7475252838541666 0.6546817962962963 0.7466691552083333 0.6508307861111111 0.7283404822916667 0.6089425907407408 0.7262196833333333 0.6095421944444445 0.7272769078125 0.6199307212962962 0.7336783484375 0.6385861648148148 0.7453590911458333 0.6562038018518519 0.7475252838541666 0.6546817962962963
0 0.6400454270833333 0.6714255342592593 0.6399805114583333 0.6621208101851852 0.6356286041666667 0.6549376944444445 0.6288381427083334 0.654811 0.6337738166666667 0.6713795398148149 0.6400454270833333 0.6714255342592593
0 0.5893209989583333 0.6291459657407407 0.5891652963541667 0.6216860462962963 0.5837756859375 0.6143415314814814 0.5784509911458334 0.6163017416666666 0.5815836213541666 0.6270130675925927 0.5850794005208333 0.6303451731481482 0.5893209989583333 0.6291459657407407
0 0.2310870317708333 0.6524322416666666 0.23088593541666666 0.645894724074074 0.22488668697916667 0.6403143138888888 0.22197467447916666 0.6463676333333334 0.22373232447916666 0.6531472500000001 0.2283112 0.6557183527777778 0.2310870317708333 0.6524322416666666
0 0.5903104848958333 0.1840871787037037 0.58954514375 0.17839136481481482 0.5809516375 0.17240745648148148 0.579031934375 0.17954457685185185 0.5833384484375 0.18765009444444444 0.5885269625 0.18845709259259258 0.5903104848958333 0.1840871787037037
0 0.21452776875000001 0.4258561518518518 0.21428127864583332 0.420241037037037 0.20832742395833334 0.413738225 0.205078134375 0.41602123425925924 0.20500686875 0.42809316574074074 0.2074195515625 0.43218627499999995 0.21166115 0.4309870675925926 0.21452776875000001 0.4258561518518518
0 0.8430120520833333 0.4566863851851852 0.8422921046875 0.4500681675925926 0.8354821213541667 0.4397143462962963 0.828737053125 0.43866524907407406 0.8329269072916666 0.4597651018518519 0.8407096786458333 0.46097559814814815 0.8430120520833333 0.4566863851851852