0 0.09416666666666666 0.6873015873015873 0.11 0.6904761904761905 0.13 0.6793650793650794 0.14666666666666667 0.6587301587301587 0.14333333333333334 0.638095238095238 0.14833333333333334 0.6285714285714286 0.16666666666666666 0.6301587301587301 0.17166666666666666 0.6238095238095238 0.17 0.5761904761904761 0.16083333333333333 0.5507936507936508 0.1525 0.5444444444444444 0.13916666666666666 0.5476190476190477 0.12083333333333333 0.5634920634920635 0.11833333333333333 0.580952380952381 0.11166666666666666 0.5873015873015873 0.0825 0.5984126984126984 0.06833333333333333 0.6111111111111112 0.06916666666666667 0.6222222222222222 0.08 0.6428571428571429 0.08666666666666667 0.6793650793650794 0.09416666666666666 0.6873015873015873
0 0.11666666666666667 0.5603174603174603 0.12083333333333333 0.5523809523809524 0.115 0.5111111111111111 0.09 0.4793650793650794 0.07 0.4777777777777778 0.05416666666666667 0.4984126984126984 0.05416666666666667 0.5126984126984127 0.07083333333333333 0.5603174603174603 0.10166666666666667 0.5634920634920635 0.11666666666666667 0.5603174603174603
0 0 0.726984126984127 0.0033333333333333335 0.7317460317460317 0.0325 0.7317460317460317 0.041666666666666664 0.7238095238095238 0.041666666666666664 0.7047619047619048 0.020833333333333332 0.6730158730158731 0 0.6730158730158731 0 0.726984126984127
0 0.14666666666666667 0.780952380952381 0.15083333333333335 0.7746031746031746 0.155 0.7492063492063492 0.18333333333333332 0.719047619047619 0.20916666666666667 0.7111111111111111 0.2675 0.7238095238095238 0.28583333333333333 0.7142857142857143 0.305 0.7126984126984127 0.3075 0.7047619047619048 0.29833333333333334 0.6873015873015873 0.255 0.6857142857142857 0.1925 0.653968253968254 0.13666666666666666 0.6777777777777778 0.12916666666666668 0.6888888888888889 0.13 0.6984126984126984 0.09416666666666666 0.7317460317460317 0.085 0.746031746031746 0.07 0.7746031746031746 0.07166666666666667 0.7857142857142857 0.1325 0.7888888888888889 0.14666666666666667 0.780952380952381
0 0.0875 0.8920634920634921 0.12 0.8952380952380953 0.13 0.8873015873015873 0.12833333333333333 0.8793650793650793 0.08333333333333333 0.8365079365079365 0.05416666666666667 0.834920634920635 0.043333333333333335 0.8428571428571429 0.04083333333333333 0.8476190476190476 0.043333333333333335 0.873015873015873 0.07583333333333334 0.9047619047619048 0.0875 0.8920634920634921
0 0.03666666666666667 0.4634920634920635 0.035 0.45396825396825397 0.049166666666666664 0.4301587301587302 0.03 0.44285714285714284 0.024166666666666666 0.44126984126984126 0.0125 0.4587301587301587 0.011666666666666667 0.4650793650793651 0.016666666666666666 0.4714285714285714 0.0325 0.4714285714285714 0.03666666666666667 0.4634920634920635
0 0.245 0.5476190476190477 0.25833333333333336 0.5285714285714286 0.25333333333333335 0.5174603174603175 0.25333333333333335 0.4888888888888889 0.24833333333333332 0.48095238095238096 0.22416666666666665 0.4888888888888889 0.21916666666666668 0.4984126984126984 0.21916666666666668 0.5079365079365079 0.22916666666666666 0.5444444444444444 0.245 0.5476190476190477
0 0.395 0.7587301587301587 0.39416666666666667 0.7476190476190476 0.38 0.7238095238095238 0.3566666666666667 0.7222222222222222 0.3491666666666667 0.7412698412698413 0.3475 0.7634920634920634 0.355 0.7793650793650794 0.38083333333333336 0.7825396825396825 0.395 0.7587301587301587
0 0.31083333333333335 0.861904761904762 0.30416666666666664 0.8380952380952381 0.29583333333333334 0.8396825396825397 0.29083333333333333 0.8523809523809524 0.2875 0.8714285714285714 0.29 0.8777777777777778 0.3016666666666667 0.8809523809523809 0.31083333333333335 0.861904761904762
0 0.43 0.6238095238095238 0.42916666666666664 0.6396825396825396 0.4225 0.6460317460317461 0.4241666666666667 0.6523809523809524 0.4425 0.6619047619047619 0.44666666666666666 0.707936507936508 0.47833333333333333 0.7777777777777778 0.495 0.7777777777777778 0.5216666666666666 0.7444444444444445 0.5233333333333333 0.707936507936508 0.5166666666666667 0.6825396825396826 0.5391666666666667 0.665079365079365 0.5375 0.6555555555555556 0.545 0.638095238095238 0.545 0.6222222222222222 0.5616666666666666 0.6063492063492063 0.5716666666666667 0.6142857142857143 0.5841666666666666 0.6079365079365079 0.5875 0.5793650793650794 0.5783333333333334 0.5634920634920635 0.5675 0.5603174603174603 0.5633333333333334 0.5492063492063493 0.56 0.5142857142857142 0.5266666666666666 0.49523809523809526 0.505 0.49206349206349204 0.43916666666666665 0.5365079365079365 0.43583333333333335 0.5444444444444444 0.44083333333333335 0.5587301587301587 0.42583333333333334 0.5777777777777777 0.4166666666666667 0.5984126984126984 0.41833333333333333 0.6079365079365079 0.41583333333333333 0.6142857142857143 0.425 0.6158730158730159 0.43 0.6238095238095238
0 0.6166666666666667 0.8095238095238095 0.6316666666666667 0.7888888888888889 0.6341666666666667 0.7476190476190476 0.6266666666666667 0.726984126984127 0.6183333333333333 0.7238095238095238 0.61 0.7492063492063492 0.6041666666666666 0.7555555555555555 0.5991666666666666 0.7507936507936508 0.595 0.7634920634920634 0.595 0.7888888888888889 0.6083333333333333 0.7984126984126985 0.6108333333333333 0.8095238095238095 0.6166666666666667 0.8095238095238095
0 0.7183333333333334 0.680952380952381 0.7408333333333333 0.6793650793650794 0.7858333333333334 0.6952380952380952 0.7891666666666667 0.6777777777777778 0.8258333333333333 0.638095238095238 0.8 0.6206349206349207 0.8008333333333333 0.6 0.8325 0.580952380952381 0.85 0.580952380952381 0.8616666666666667 0.5634920634920635 0.7966666666666666 0.5746031746031746 0.7641666666666667 0.5920634920634921 0.735 0.5984126984126984 0.72 0.6095238095238096 0.7008333333333333 0.5968253968253968 0.6975 0.6031746031746031 0.7075 0.6111111111111112 0.7066666666666667 0.6174603174603175 0.6933333333333334 0.6253968253968254 0.6866666666666666 0.6365079365079365 0.6841666666666667 0.6492063492063492 0.6866666666666666 0.665079365079365 0.705 0.6634920634920635 0.7183333333333334 0.680952380952381
0 0.6883333333333334 0.7174603174603175 0.69 0.707936507936508 0.68 0.6698412698412698 0.6691666666666667 0.6666666666666666 0.6616666666666666 0.6746031746031746 0.6608333333333334 0.7111111111111111 0.6675 0.7285714285714285 0.6783333333333333 0.7285714285714285 0.6883333333333334 0.7174603174603175
0 0.83 0.7714285714285715 0.8208333333333333 0.7476190476190476 0.81 0.7380952380952381 0.7908333333333334 0.746031746031746 0.7816666666666666 0.7587301587301587 0.7833333333333333 0.7746031746031746 0.8025 0.792063492063492 0.8125 0.792063492063492 0.83 0.7714285714285715
0 0.8816666666666667 0.7476190476190476 0.8766666666666667 0.7396825396825397 0.86 0.7428571428571429 0.86 0.753968253968254 0.8683333333333333 0.765079365079365 0.8741666666666666 0.7634920634920634 0.8816666666666667 0.7476190476190476
0 0.915 0.6841269841269841 0.9216666666666666 0.6888888888888889 0.9225 0.7015873015873015 0.9358333333333333 0.719047619047619 0.9266666666666666 0.7444444444444445 0.9266666666666666 0.7968253968253968 0.9425 0.7936507936507936 0.955 0.8 0.9625 0.7952380952380952 0.9725 0.7682539682539683 0.9808333333333333 0.7571428571428571 0.9691666666666666 0.726984126984127 0.9741666666666666 0.7063492063492064 0.9991666666666666 0.6730158730158731 0.9991666666666666 0.626984126984127 0.9875 0.6047619047619047 0.9875 0.5952380952380952 0.97 0.580952380952381 0.9641666666666666 0.5857142857142857 0.9083333333333333 0.5857142857142857 0.9 0.5761904761904761 0.89 0.580952380952381 0.8891666666666667 0.5920634920634921 0.9058333333333334 0.6412698412698413 0.9091666666666667 0.6682539682539682 0.915 0.6841269841269841
0 0.8075 0.45714285714285713 0.8558333333333333 0.4380952380952381 0.86 0.40793650793650793 0.8716666666666667 0.40634920634920635 0.8766666666666667 0.4126984126984127 0.8775 0.4238095238095238 0.8925 0.44761904761904764 0.9233333333333333 0.4507936507936508 0.9333333333333333 0.4365079365079365 0.9233333333333333 0.4031746031746032 0.9133333333333333 0.38571428571428573 0.8691666666666666 0.3873015873015873 0.825 0.4126984126984127 0.8075 0.40476190476190477 0.7958333333333333 0.3888888888888889 0.7816666666666666 0.3888888888888889 0.7741666666666667 0.3952380952380952 0.765 0.41904761904761906 0.75 0.4301587301587302 0.7491666666666666 0.4444444444444444 0.7541666666666667 0.4523809523809524 0.7841666666666667 0.44761904761904764 0.8075 0.45714285714285713
0 0.8391666666666666 0.5365079365079365 0.8416666666666667 0.5253968253968254 0.8391666666666666 0.5 0.8258333333333333 0.4888888888888889 0.8191666666666667 0.49682539682539684 0.7941666666666667 0.5031746031746032 0.7916666666666666 0.5285714285714286 0.805 0.5444444444444444 0.8325 0.5444444444444444 0.8391666666666666 0.5365079365079365
0 0.8916666666666667 0.5349206349206349 0.8925 0.5047619047619047 0.8858333333333334 0.49206349206349204 0.8691666666666666 0.49047619047619045 0.8641666666666666 0.49523809523809526 0.8633333333333333 0.5126984126984127 0.8666666666666667 0.5222222222222223 0.8841666666666667 0.5365079365079365 0.8916666666666667 0.5349206349206349
0 0.9591666666666666 0.38095238095238093 0.9583333333333334 0.4015873015873016 0.9741666666666666 0.3984126984126984 0.9741666666666666 0.38095238095238093 0.9591666666666666 0.38095238095238093