0 0.8995454883333334 0.8304535476190477 0.9018602041666666 0.820131861904762 0.8899017149999999 0.8008821317460317 0.8632386566666665 0.7757707857142857 0.8576618808333334 0.7663513333333333 0.8576195741666667 0.7482534904761905 0.8420677591666667 0.723883207936508 0.8296201133333333 0.7142435952380952 0.8207080016666667 0.7162682190476191 0.8084027608333333 0.7362806063492063 0.8003224083333333 0.7814554253968253 0.8042893074999999 0.7900532317460318 0.8222136299999999 0.7975581412698413 0.8257491641666667 0.8092223777777777 0.8197255383333334 0.8275108857142858 0.8330204291666666 0.8556591650793651 0.8508291675 0.8762514476190476 0.8665543583333334 0.88099066984127 0.874877215 0.877022007936508 0.8862774183333333 0.8450446396825396 0.8995454883333334 0.8304535476190477
0 0.9289164708333334 0.7320565015873016 0.9308576133333334 0.7182575603174604 0.9183676608333333 0.6905201047619047 0.8988334616666667 0.682193546031746 0.870371665 0.7005331428571429 0.8591293516666667 0.737520980952381 0.86207563 0.7472411777777778 0.8761331525000001 0.7577024396825397 0.9063472308333334 0.769836492063492 0.9289164708333334 0.7320565015873016
0 0.9148929566666667 0.9237379460317461 0.9123047658333333 0.9421365333333334 0.9200806733333333 0.9543216746031746 0.9482535099999999 0.9687005111111112 0.9521203100000001 0.9657441587301587 0.9594535166666667 0.9136148285714286 0.9393300616666667 0.9033442317460317 0.9148929566666667 0.9237379460317461
0 0.8780350266666667 0.9772314206349206 0.867428425 0.942238711111111 0.8605152475 0.923920707936508 0.8304322383333334 0.8740577523809524 0.8325312716666666 0.8652692825396825 0.8267966058333334 0.8508393587301588 0.7761009858333333 0.8003159253968254 0.7114169708333333 0.800168446031746 0.6693445025 0.780338819047619 0.6581176741666667 0.7926851285714286 0.6594540758333333 0.8015836777777778 0.6777519716666667 0.8125658428571428 0.6941665166666666 0.830803261904762 0.75223765 0.8472952095238095 0.7761123216666667 0.867696826984127 0.7993822516666667 0.9107959349206348 0.7999560216666667 0.9373815047619047 0.8031179825 0.9455684857142858 0.8157235191666666 0.9602185698412697 0.8749153725000001 0.9871422825396825 0.8780350266666667 0.9772314206349206
0 0.9764387941666667 0.7070120507936508 0.9764965866666667 0.700468365079365 0.9675999591666666 0.6778514587301587 0.9617497100000001 0.6765089079365079 0.9449615916666666 0.6547942333333334 0.9554103025 0.684776473015873 0.9525063308333334 0.693154119047619 0.9554526091666666 0.7028743158730159 0.970746435 0.7106799698412699 0.9764387941666667 0.7070120507936508
0 0.7714798525 0.6369144317460318 0.7679443183333333 0.6252501952380952 0.7456795233333333 0.6056702253968255 0.7397714816666666 0.6108713603174603 0.7358891958333333 0.6384692396825397 0.7295497891666667 0.6467368063492064 0.7398406091666666 0.6717085761904762 0.7555658 0.6764477984126984 0.7701857566666667 0.6461137253968254 0.7714798525 0.6369144317460318
0 0.6115003875 0.8296945587301587 0.6129100666666667 0.8074078936507936 0.6082538133333334 0.7853118904761904 0.5854998616666667 0.775342038095238 0.5685806741666667 0.7913562666666666 0.5662659583333333 0.8016779507936508 0.5767146691666667 0.8316601920634921 0.6020991183333334 0.8413293000000001 0.6115003875 0.8296945587301587
0 0.6547895241666667 0.9635325396825396 0.6541579616666666 0.9434906571428572 0.6510537933333334 0.9287599888888889 0.6432200941666667 0.9231185349206349 0.63354535 0.9428301777777778 0.63981148 0.9657478269841269 0.6515119791666667 0.9684329301587302 0.6547895241666667 0.9635325396825396
0 0.56421753 0.6445194015873016 0.5671215016666666 0.6361417555555555 0.5610710541666667 0.6116908904761904 0.5491703575 0.585897473015873 0.5559411291666667 0.5745634761904762 0.5537997891666667 0.5652541015873015 0.4962487833333334 0.4898689793650794 0.47488902583333337 0.48225398888888893 0.4401033075 0.48421962063492063 0.43213853916666667 0.5163070682539683 0.42660407 0.5249854587301587 0.4157085091666667 0.5227111793650794 0.40469736333333334 0.533524273015873 0.40403483 0.5627654492063492 0.41524617333333336 0.5750606698412699 0.4259838441666667 0.5723244777777777 0.4399257825 0.5958731111111111 0.4377689566666667 0.6112052666666667 0.44264089250000005 0.631768053968254 0.4397369208333333 0.6401456999999999 0.45909774416666665 0.6681033158730159 0.4492073183333333 0.6893481746031747 0.44585649666666666 0.725433780952381 0.46708518499999996 0.7707776730158731 0.4831839491666667 0.7789941507936509 0.5232616316666666 0.7271439714285715 0.5335411158333333 0.684734838095238 0.5525438516666668 0.6845736698412698 0.5550164583333334 0.6792624555555555 0.5494396825 0.6698430031746032 0.55079157 0.6541000222222222 0.5566996116666667 0.6488988873015873 0.5657696141666667 0.6518847349206349 0.56421753 0.6445194015873016
0 0.36898282499999996 0.7322113158730159 0.37243374500000004 0.7076798666666667 0.370134515 0.6933600222222223 0.3646578375 0.6954947253968254 0.35988600083333333 0.6864860968253969 0.35528753916666667 0.657846407936508 0.3468067925 0.6568046 0.3367584758333333 0.6730389888888889 0.33356554416666667 0.7141350650793651 0.3452505591666667 0.7414616984126985 0.3508851258333333 0.744337465079365 0.3548097183333333 0.734837426984127 0.36898282499999996 0.7322113158730159
0 0.30183450166666664 0.553330188888889 0.3011451475 0.5398319920634921 0.29621542 0.525812892063492 0.28441482166666665 0.5115736317460318 0.28447261333333335 0.505029946031746 0.29521028416666667 0.5022937539682539 0.2928532616666667 0.4945175968253968 0.27261422333333335 0.4973343714285714 0.25963511333333333 0.47920703333333337 0.23232500666666667 0.45869533492063497 0.20330492583333334 0.42580783174603176 0.142029525 0.3830310587301587 0.15092615166666665 0.40564796507936507 0.16782985333333333 0.4142752666666667 0.19582931416666668 0.44828516190476186 0.19383037916666665 0.46862778888888884 0.1665047875 0.4727576190476191 0.19653000416666666 0.5291642603174603 0.19737724916666666 0.5476729269841271 0.24300073666666666 0.5545252603174603 0.26451838499999997 0.5671507206349207 0.27976990416666664 0.5568585317460317 0.29726286166666666 0.567429873015873 0.30183450166666664 0.553330188888889
0 0.3159611525 0.6246286650793651 0.32011691249999996 0.5889538825396826 0.3139508816666667 0.5775903904761905 0.30305532 0.575316111111111 0.2882196808333333 0.6071833984126984 0.28853546166666666 0.6172043396825396 0.2966849425 0.6328667349206349 0.3071491383333333 0.6382074460317461 0.3159611525 0.6246286650793651
0 0.18900793666666668 0.6255661793650794 0.19277463833333333 0.6110556698412699 0.18564577916666666 0.5942708825396825 0.16821061333333331 0.5771558555555555 0.15645232166666667 0.5810144396825397 0.14436276333333334 0.5994936095238095 0.1584625925 0.6280527142857143 0.16812185083333334 0.6329826015873016 0.18900793666666668 0.6255661793650794
0 0.11775749666666667 0.5678385793650794 0.11926727416666667 0.5571060698412699 0.10359987583333333 0.5458231603174603 0.09769183416666666 0.5510242952380953 0.1027794525 0.5700538666666667 0.10819833666666667 0.5744628492063492 0.11775749666666667 0.5678385793650794
0 0 0.4338983301587302 0.013951440833333334 0.4655592396825397 0.01597719666666667 0.48795598571428567 0.0006100941666666667 0.5113355476190476 0.007149698333333333 0.5261762952380952 0.013142353333333332 0.5571708476190476 0.019739749166666664 0.5654679095238095 0.032676552500000004 0.5654974047619048 0.04753901333333333 0.5763694888888888 0.05465653666666667 0.5257733746031746 0.0492531375 0.4967228619047619 0.06450465583333333 0.486430673015873 0.067035055 0.474575773015873 0.0741216075 0.4732627158730159 0.08191300083333333 0.46080632698412705 0.08879935666666668 0.43638495873015876 0.11158427916666668 0.3970717523809524 0.11228911833333333 0.38592841904761904 0.1032769075 0.3763988857142857 0.09393343083333333 0.38148994126984126 0.04000257166666667 0.35396473968253966 0.0350150525 0.346489326984127 0.0161702075 0.3516609650793651 0.014876112499999998 0.3608602587301587 0.0005874216666666667 0.37657374285714285 0 0.3807495285714286 0 0.4338983301587302
0 0.2668723708333333 0.32350111428571426 0.268008575 0.3092913492063492 0.25502946583333336 0.2911640111111111 0.24941038333333335 0.2636467142857143 0.24302867 0.2538164365079365 0.22934472083333332 0.2468324301587302 0.21591876083333333 0.25641305238095236 0.19793664583333334 0.25545182857142856 0.1587258425 0.2091467126984127 0.11627980083333334 0.18583983174603175 0.10424803499999999 0.19777531746031746 0.09005944333333334 0.22504295714285713 0.09777755916666667 0.2437717841269841 0.12799163666666669 0.2559058365079365 0.14571576249999998 0.24030243333333334 0.14803047833333333 0.2299807476190476 0.15372283750000001 0.22631282857142856 0.16477629 0.23359757936507936 0.1647030125 0.2647827952380952 0.20880123666666667 0.30700916666666667 0.23263360166666666 0.30931294126984127 0.26096432833333333 0.3287022476190476 0.2668723708333333 0.32350111428571426
0 0.21438934833333334 0.38380952222222225 0.21542545416666664 0.3580456015873016 0.19214003916666667 0.33958802222222223 0.18677894583333335 0.328635353968254 0.1723901575 0.33279468095238096 0.16652442166666667 0.3560936587301587 0.16742945916666666 0.3680586396825397 0.17279055166666665 0.3790113079365079 0.19935351166666665 0.3925684968253968 0.21438934833333334 0.38380952222222225
0 0.14732148916666665 0.3331465126984127 0.14888905916666664 0.31587031746031746 0.1447064775 0.308805726984127 0.12839203166666666 0.3021224650793651 0.12022706583333334 0.3111015984126984 0.11693403583333332 0.340643519047619 0.12396279666666667 0.3458741492063492 0.14280764166666665 0.3407025111111111 0.14732148916666665 0.3331465126984127
0 0.07065631333333333 0.17898749841269843 0.07265524833333332 0.15864487142857142 0.05816636083333333 0.15125004126984126 0.05579385333333333 0.1681154126984127 0.07065631333333333 0.17898749841269843