0 0.08932586583333334 0.22343881904761906 0.08739479083333333 0.23404291746031744 0.10002911583333333 0.2516568380952381 0.12754685583333333 0.27316430634920635 0.1334550075 0.28181983174603176 0.13415999250000002 0.2998679682539683 0.15056641583333333 0.32211252222222225 0.16333676333333333 0.3300747428571429 0.17215302 0.3268709031746032 0.18369538916666667 0.3052722746031746 0.1901016591666667 0.25913386666666666 0.18582955333333334 0.25108408412698413 0.1676740475 0.2459790507936508 0.16371995666666667 0.23481299206349207 0.169059145 0.21576867936507937 0.15476578916666667 0.18945545079365078 0.13624629833333332 0.17127956825396826 0.12038585249999999 0.16864128888888888 0.11222861083333333 0.17370613809523808 0.1020272575 0.2071203492063492 0.08932586583333334 0.22343881904761906
0 0.06362994083333334 0.3254986825396825 0.062198873333333335 0.3395219285714286 0.07567420583333334 0.36553228412698413 0.0954657575 0.3712430603174603 0.12318658666666667 0.3491664349206349 0.13304694 0.3107749365079365 0.12975186416666667 0.3014698873015873 0.11534547166666667 0.2929019253968254 0.08476061833333334 0.28481195873015874 0.06362994083333334 0.3254986825396825
0 0.07059950833333332 0.13242086666666666 0.0725075975 0.11372320634920634 0.06430438583333332 0.10260092857142858 0.03567359333333334 0.09200042857142858 0.03192448 0.09546335873015874 0.026518225 0.14844006349206348 0.04696879166666667 0.1560118492063492 0.07059950833333332 0.13242086666666666
0 0.10540860833333333 0.07416040634920634 0.11727088083333333 0.10765858253968254 0.12483806250000001 0.12501341269841268 0.15667387916666667 0.1707577904761905 0.15490181166666667 0.17980374920634923 0.1611509625 0.19343656031746032 0.21357336833333335 0.23710102222222224 0.2781052175 0.2286536111111111 0.3208014025 0.2428447857142857 0.33154873416666664 0.2290368492063492 0.32988970333333334 0.22033754285714288 0.31123418999999997 0.2118133619047619 0.29419173666666665 0.19580136031746032 0.23565809083333333 0.18706546825396828 0.21109442666666667 0.1698857619047619 0.18630279833333332 0.12998350476190476 0.184756805 0.10353893333333333 0.18130272166666667 0.09579202222222222 0.16819137416666666 0.08285251746031747 0.10815770583333333 0.06385917936507936 0.10540860833333333 0.07416040634920634
0 0.017140560833333332 0.35679639206349206 0.017322553333333334 0.3633318158730159 0.027025787500000002 0.3847115380952381 0.032910954166666666 0.3852735 0.050453415 0.4047046507936508 0.038932142499999996 0.3761837603174603 0.0415222325 0.367440673015873 0.038227156666666665 0.3581356238095238 0.02268472666666667 0.35238106666666663 0.017140560833333332 0.35679639206349206
0 0.22416735833333334 0.39949046984126985 0.22812144916666668 0.4106565285714286 0.2510490691666667 0.42723049206349206 0.2567522425 0.4212570285714286 0.2596143775 0.39321053650793647 0.2656355658333333 0.38412079682539685 0.25445529333333333 0.36057719365079366 0.23859484749999998 0.3579389126984127 0.22512140333333336 0.3901416396825397 0.22416735833333334 0.39949046984126985
0 0.37669709916666666 0.18592355714285713 0.37610703916666666 0.20834323809523808 0.38156115333333335 0.22976674126984128 0.404624795 0.23668900317460317 0.4209162925 0.21846574126984128 0.42284736749999996 0.20786164444444444 0.411326095 0.17934075396825397 0.3856493775 0.17306801746031744 0.37669709916666666 0.18592355714285713
0 0.32861197750000004 0.058163404761904756 0.32997597833333336 0.07807255079365079 0.33361205416666667 0.09235488730158731 0.3416332733333333 0.09694173968253968 0.35056256666666663 0.07599263492063492 0.3434724075 0.05396338888888889 0.33170207583333333 0.05283946666666666 0.32861197750000004 0.058163404761904756
0 0.43064629 0.3643651904761905 0.4280561991666666 0.3731082777777778 0.43498735083333334 0.3966956619047619 0.4478036691666667 0.42084500952380954 0.4414644658333333 0.4330510253968254 0.4439415191666667 0.44205320317460317 0.5041130983333333 0.5096079206349207 0.5256997025 0.5143663 0.5603286983333333 0.5077834968253968 0.5670989541666667 0.47471593809523804 0.57230212 0.46532332698412704 0.5832544291666667 0.46614437777777773 0.5938427533333334 0.4538945793650793 0.5934327975 0.4246366031746031 0.5817984875 0.4138609777777778 0.5711871783333333 0.4180172126984127 0.5564168008333333 0.3963784015873016 0.5580068758333333 0.38079701746031747 0.5523937541666667 0.3609316523809524 0.5549838441666666 0.3521885650793651 0.5346463149999999 0.3268715142857143 0.5437346166666667 0.3043642714285714 0.5457557433333333 0.26792134603174605 0.5229181758333333 0.22550855396825398 0.5065577225000001 0.2194511253968254 0.4684765325 0.2765001 0.45977520166666663 0.3201717571428571 0.44082465833333334 0.32285741587301586 0.43855258333333336 0.328484226984127 0.4444607341666667 0.33713975079365077 0.4436886816666667 0.35302400634920633 0.4379855083333334 0.35899746984126985 0.4288282516666666 0.3572240222222222 0.43064629 0.3643651904761905
0 0.6221939466666667 0.25094615555555555 0.6196498266666667 0.27587636984126984 0.62246788 0.2898558333333333 0.6278530383333333 0.2869986476190476 0.6329431666666666 0.29535130158730155 0.6385792733333333 0.32331022857142855 0.647077515 0.32322266666666666 0.6565068166666667 0.3056927111111111 0.6581869433333334 0.2642724984126984 0.6455296333333334 0.2385650142857143 0.6398034741666667 0.2364449142857143 0.6362363541666667 0.24644326825396823 0.6221939466666667 0.25094615555555555
0 0.6957297108333333 0.42046957619047615 0.6969117191666667 0.43384329682539685 0.7023428475 0.4471732365079365 0.7146361725 0.45980987142857144 0.714818165 0.46634529682539677 0.7042068558333333 0.47050153174603176 0.7068429166666667 0.4779455714285714 0.7269294975 0.4724465063492064 0.7405408525 0.4888051603174603 0.7685356158333334 0.5056382142857143 0.7986894166666666 0.5345897222222222 0.8613821308333333 0.569120661904762 0.8516788966666666 0.5477409396825397 0.8345004208333333 0.5413806396825397 0.80532365 0.5111738650793651 0.806572725 0.4906151936507937 0.8336805091666667 0.4828646857142857 0.8016627 0.43058488412698415 0.8001396916666667 0.4122338761904762 0.7543763933333333 0.41146020317460313 0.73244879 0.4017245365079365 0.717611345 0.41401811587301585 0.6997738541666666 0.40579680634920634 0.6957297108333333 0.42046957619047615
0 0.6790263691666667 0.35122177936507937 0.6761872191666667 0.38736183333333335 0.6827543858333333 0.3978783682539683 0.693706695 0.398699419047619 0.7073391466666666 0.36493855555555554 0.7066571466666667 0.3549839825396825 0.6979539275 0.34044255714285715 0.6873196324999999 0.33650522857142856 0.6790263691666667 0.35122177936507937
0 0.8056359991666666 0.33341834285714284 0.8024098783333333 0.34839398412698414 0.8101360675 0.3641906761904762 0.8281555516666667 0.37894741111111113 0.8397438908333333 0.3735359095238095 0.8511272525 0.35349541904761905 0.8360158741666667 0.32687932063492064 0.8261996025 0.3232448634920635 0.8056359991666666 0.33341834285714284
0 0.8788269858333333 0.3815383126984127 0.8777139333333334 0.3924452809523809 0.8937563708333333 0.4016189857142857 0.8994595441666666 0.3956455222222222 0.8936874158333334 0.37733829523809526 0.8881202641666666 0.37366005714285716 0.8788269858333333 0.3815383126984127
0 1 0.4971341047619047 0.9861258641666666 0.4697758492063492 0.9832848258333333 0.4477028206349206 0.9977582850000001 0.4223383920634921 0.9906911108333333 0.4084027079365079 0.9835779666666667 0.37827989841269843 0.976692785 0.3708796412698413 0.9637864158333334 0.3725691238095238 0.948562 0.3636982888888889 0.9433147525 0.41511685555555555 0.9497688816666666 0.44337865555555556 0.9349314366666666 0.4556722349206349 0.9328413541666667 0.4678344714285715 0.9258201508333334 0.47008591428571433 0.9185039174999999 0.4835471984126984 0.9125286991666667 0.5088240650793651 0.8912390133333334 0.551068926984127 0.8909439841666666 0.5622787666666667 0.9002832333333334 0.5705876396825397 0.909417505 0.5642675238095238 0.9642250225 0.5845599095238095 0.9694741583333333 0.5913544238095239 0.9880837016666667 0.5836914777777779 0.9890377466666667 0.5743426476190476 1 0.5602585857142858 1 0.4971341047619047
0 0.7390235108333333 0.6450933984126984 0.7384104658333334 0.659419515873016 0.7520218216666666 0.6757781698412698 0.7586349583333333 0.7024818317460317 0.7653611316666666 0.7114402269841269 0.7792675166666667 0.7165890412698412 0.7923099091666667 0.7052478571428571 0.8102834225 0.7038174650793652 0.8510945033333334 0.744799865079365 0.8942906958333333 0.7624101888888889 0.90585605 0.7489051238095238 0.91901148 0.7198186746031746 0.910626275 0.7021609714285714 0.8800414225 0.6940710063492063 0.8629319016666667 0.7119913968253968 0.8610008266666667 0.7225954936507937 0.8554566608333333 0.7270108190476191 0.8441633516666667 0.7212124809523809 0.8430943808333333 0.6900934936507936 0.7975571566666666 0.6538292904761905 0.7736984775 0.6546977206349206 0.7447266841666667 0.6391199349206349 0.7390235108333333 0.6450933984126984
0 0.7891700633333334 0.5779585063492063 0.7890800116666667 0.6037973349206349 0.8129846608333333 0.6191160317460317 0.8187338049999999 0.6293296936507937 0.83293522 0.6232686682539683 0.8379334075 0.5992470682539682 0.8365923925000001 0.5874314857142857 0.8308432483333333 0.5772178222222222 0.8038485008333334 0.567223065079365 0.7891700633333334 0.5779585063492063
0 0.8579299366666667 0.6195868333333333 0.8569988766666667 0.637029226984127 0.86142999 0.6435208698412698 0.8779494508333333 0.6480201603174603 0.8857656916666667 0.6379780238095238 0.8879688116666667 0.6080705238095238 0.8807656150000001 0.6037865428571428 0.8621560725 0.6114494873015872 0.8579299366666667 0.6195868333333333
0 0.9400539941666667 0.763183861904762 0.9388049191666666 0.7837425317460317 0.9535293275 0.7891942174603175 0.95527841 0.7720546952380952 0.9400539941666667 0.763183861904762