0 0.05552013076923077 0.21677900845070422 0.054549643076923074 0.23084498309859156 0.06349708307692307 0.2507569361502347 0.07944709538461538 0.26518343004694833 0.09404682923076924 0.2664336122065728 0.10342386615384616 0.25630319342723 0.10292325153846155 0.23751032394366198 0.0878766023076923 0.21371197558685445 0.07618833153846154 0.1702638704225352 0.06916844153846154 0.12315879154929577 0.06611883692307692 0.12121559436619718 0.06660602692307692 0.14094728826291078 0.07948347692307692 0.20883759530516433 0.05552013076923077 0.21677900845070422
0 0.17989435076923077 0.5039793868544601 0.18729013846153847 0.5247973906103286 0.20016369615384616 0.5391583352112675 0.23146913000000002 0.5557902225352113 0.24849702923076922 0.5486401483568074 0.24800983923076925 0.5289084544600939 0.23375915384615387 0.5032488450704226 0.22309896230769233 0.49550883098591547 0.19246866692307693 0.4854651004694836 0.17052684538461538 0.45964161877934273 0.1582747276923077 0.45562412676056335 0.15733109 0.46781245352112677 0.17989435076923077 0.5039793868544601
0 0.18508241153846153 0.410178910798122 0.19376135307692308 0.4488673464788732 0.20052227615384616 0.46028072112676055 0.20894225153846155 0.46327745352112676 0.2367377407692308 0.45635680093896713 0.25078316 0.4425694093896713 0.24318599846153846 0.43583376807511737 0.23650562461538463 0.41878744882629104 0.20913973230769228 0.39566572863849764 0.19407965846153846 0.37280620563380285 0.1924474569230769 0.3793452 0.19610507615384615 0.3925706732394366 0.18972394307692309 0.40839958591549297 0.18591865 0.4055011774647887 0.18508241153846153 0.410178910798122
0 0.07379869384615384 0.33737456431924884 0.0745141076923077 0.3411462488262911 0.08587628769230769 0.35359677089201874 0.0982089553846154 0.3519813183098591 0.10966511 0.35786007136150233 0.11758447000000001 0.34206393333333335 0.13458551923076922 0.33679150798122065 0.1439625569230769 0.326661089201878 0.14029151307692306 0.31437443943661975 0.12432807615384615 0.30088676995305164 0.11833626615384614 0.28948978215962445 0.11221020692307691 0.2874810366197183 0.10287344461538461 0.29479498309859153 0.09444004461538462 0.2927370751173709 0.09654601153846154 0.30686859812206574 0.09414469615384614 0.31339120563380285 0.07764426230769231 0.33745650046948356 0.07379869384615384 0.33737456431924884
0 0.14795015923076923 0.42441350985915494 0.1502172253846154 0.4272791436619718 0.15870432538461537 0.42558175492957745 0.15899967384615385 0.40492762441314556 0.14820523307692307 0.40657585070422536 0.14795015923076923 0.42441350985915494
0 0.01482638 0.4262726384976526 0.019226263076923076 0.44139214741784033 0.03764471461538462 0.4446019136150235 0.04151713307692308 0.44280620187793424 0.042366796153846156 0.4371896441314554 0.03637498615384615 0.42579265633802815 0.02572822 0.4171138178403756 0.018819622307692307 0.4160275089201878 0.014947204615384615 0.417823220657277 0.01482638 0.4262726384976526
0 0.10377506076923076 0.4469500403755869 0.10288512230769231 0.45538307042253523 0.1112245476923077 0.46401274647887325 0.13039868846153846 0.46817772394366197 0.13584960846153846 0.46359831455399064 0.14062538923076923 0.4524307483568075 0.13305507769230768 0.44381745821596247 0.11551313846153846 0.43311348638497654 0.10475897307692308 0.431945241314554 0.09547591 0.4355038910798122 0.09767585153846153 0.44306364600938963 0.10377506076923076 0.4469500403755869
0 0.037027168461538466 0.4877878234741784 0.038404296153846156 0.4990864873239437 0.057363637692307685 0.5182726507042253 0.06354339692307692 0.5165261004694836 0.06362394615384614 0.5108931558685447 0.057538162307692306 0.5060679370892018 0.0539208176923077 0.4900259906103287 0.037027168461538466 0.4877878234741784
0 0.08681817923076922 0.5029353558685447 0.08668393 0.5123235971830986 0.09119121153846153 0.5199325136150235 0.10643923461538461 0.5296484995305164 0.12101211846153846 0.5327763295774648 0.12414227307692308 0.5290865821596245 0.12047122923076922 0.5167999323943662 0.09915084692307691 0.501319903286385 0.09148656000000001 0.49927838309859157 0.08681817923076922 0.5029353558685447
0 0.13884940615384617 0.5228261699530516 0.1371769292307692 0.5321816375586855 0.14091509846153846 0.539774166197183 0.15312694153846154 0.546608131455399 0.1646904953846154 0.5449762910798123 0.16182884 0.5298895568075117 0.14963042153846154 0.5221167671361502 0.13884940615384617 0.5228261699530516
0 0.03144025230769231 0.663282385915493 0.030604013846153848 0.6679601201877934 0.04672855 0.6701818995305164 0.06811605692307691 0.6809678075117371 0.07426896538461539 0.6810989061032864 0.08127153769230769 0.6756134460093897 0.07766761846153847 0.658632676056338 0.06618461384615384 0.6546315708920188 0.05571237153846154 0.6337480187793427 0.04730582153846154 0.6298124629107981 0.043460253846153846 0.6297305267605634 0.024746453076923077 0.6471748910798122 0.023910215384615383 0.6518526244131455 0.03144025230769231 0.663282385915493
0 0.02218793153846154 0.7184927502347418 0.02286307076923077 0.7250809061032865 0.04035131 0.7395401746478873 0.04805587076923077 0.7387652225352113 0.04661161846153846 0.7321606798122066 0.03444005 0.7225102422535211 0.02218793153846154 0.7184927502347418
0 0.06048251307692308 0.7305780018779342 0.06111737769230769 0.7399826300469483 0.07547546230769231 0.7581316460093896 0.09622810461538461 0.7595129258215962 0.08876519230769231 0.7433890431924883 0.07428628307692309 0.7336894441314554 0.06048251307692308 0.7305780018779342
0 0.2292059569230769 0.6064539502347418 0.23145959846153843 0.6102584084507042 0.24898811230769233 0.6219012046948357 0.2651126476923077 0.6241229849765257 0.26898506615384615 0.6223272732394366 0.27069781692307693 0.6101553333333333 0.26699992307692305 0.5997463323943661 0.24178027307692307 0.5879396638497653 0.23018986923076923 0.591449152112676 0.2292059569230769 0.6064539502347418
0 0.28201583 0.5718929661971831 0.28420234615384615 0.5803915446009389 0.3054421792307692 0.6015045183098592 0.3044582669230769 0.6165093164319249 0.32128479153846157 0.6234416046948357 0.3219330807692308 0.6319074093896714 0.3286940038461539 0.6433207840375587 0.3493795223076923 0.6493961840375587 0.3525768007692308 0.6410123154929578 0.3572183323076923 0.6392329906103287 0.3535875630769231 0.624129868544601 0.3567311423076923 0.619501296713615 0.35087358153846154 0.5987160685446009 0.33030888846153844 0.5841912507042254 0.3249385176923077 0.5831377164319248 0.3133078392307692 0.5894636769953052 0.28811503923076925 0.5757793605633803 0.28592852230769233 0.5672807812206573 0.28201583 0.5718929661971831
0 0.31756958 0.5604420647887324 0.32133459846153845 0.566156945539906 0.32894518538461537 0.5719537633802817 0.33667659615384615 0.5693011633802817 0.33906448615384616 0.5637173802816902 0.33455720384615384 0.5561084638497652 0.32380303846153846 0.5549402178403756 0.31756958 0.5604420647887324
0 0.37923117153846153 0.7138917145539906 0.3797989115384615 0.7279904629107982 0.3888671753846154 0.7394529999999999 0.4110506461538462 0.7483776469483568 0.43258582692307695 0.748836489201878 0.4419360146153847 0.7405837192488264 0.43748243230769235 0.7292195061032865 0.4253914130769231 0.713936123943662 0.40852461307692306 0.7098203089201878 0.3839129776923077 0.709295917370892 0.37923117153846153 0.7138917145539906
0 0.4368571 0.6653466910798123 0.43598058692307695 0.672840896713615 0.44349719923076925 0.685209482629108 0.45036552153846154 0.6891122638497652 0.46723232153846156 0.6932280798122066 0.47805361153846154 0.6897022046948357 0.4796455384615385 0.6859796826291079 0.46828335846153846 0.6735291605633802 0.4430100092307692 0.6654777887323944 0.4368571 0.6653466910798123
0 0.5168202115384615 0.8839848854460094 0.5250925123076923 0.8973086826291079 0.5419190376923076 0.9042409708920187 0.5502718876923077 0.9119318234741784 0.5572341846153847 0.9092628366197183 0.592519436923077 0.9165884178403756 0.5963113046153846 0.9204256507042254 0.6063903315384614 0.9150057399061033 0.6117607015384615 0.9160592751173708 0.6118278261538461 0.9113651539906104 0.6020038738461538 0.89894740657277 0.5588087938461538 0.8529497765258216 0.5433996723076924 0.8544996798122065 0.5243866307692308 0.8390688131455399 0.5190028353846153 0.8389541023474179 0.5104888861538461 0.8425291389671362 0.5111774499999999 0.8481784713615024 0.5080338707692308 0.8528070422535211 0.5011118484615386 0.852659557746479 0.48128941846153844 0.8400287755868544 0.47458219461538464 0.824860104225352 0.45303358923076925 0.8253400863849766 0.5168202115384615 0.8839848854460094
0 0.6647083176923076 0.5490562262910798 0.6627270676923077 0.580004647887324 0.6680974376923077 0.5810581821596243 0.673561783076923 0.5755399483568076 0.68546096 0.5504375051643193 0.6905857892307692 0.5148605117370892 0.7101050853846154 0.44108669953051644 0.7110755723076922 0.4270207248826291 0.677390033076923 0.5230313464788732 0.6647083176923076 0.5490562262910798
0 0.549824573076923 0.5128004723004695 0.5463319461538462 0.5418384713615023 0.5742655776923077 0.5790589399061032 0.5790816330769231 0.5650749014084506 0.58609763 0.5586506169014084 0.587121816923077 0.5408293464788733 0.5926935615384615 0.5278005192488263 0.596333863076923 0.4884354544600939 0.5925956946153846 0.4808429258215962 0.5811798146153846 0.47214769953051644 0.5807328992307692 0.44959953333333336 0.5872751307692308 0.4225047314553991 0.5852094384615385 0.40555673615023474 0.5805276323076923 0.41015253333333335 0.5704927738461539 0.46628533333333333 0.5612902599999999 0.46421103849765255 0.5581064061538461 0.471656082629108 0.5503212953846154 0.47806397934272304 0.5470031923076923 0.4948972647887324 0.549824573076923 0.5128004723004695
0 0.5322077238461539 0.3997318957746479 0.5325875146153847 0.42697418309859153 0.536379383076923 0.4308114150234742 0.5425591423076923 0.42906486478873235 0.5519898792307693 0.4151791502347418 0.5583844369230769 0.3984114131455399 0.5715628746153847 0.33765004131455395 0.5693629338461539 0.3300902863849765 0.5402708653846154 0.3200793305164319 0.5356561838461538 0.31998100657276995 0.5340508323076923 0.3246423530516432 0.5344977476923077 0.34719051924882627 0.5390453046153847 0.3519829633802817 0.5396533192307692 0.36326524037558683 0.5322077238461539 0.3997318957746479
0 0.5961571930769232 0.28558389389671357 0.5958484192307693 0.3071768488262911 0.6139983730769231 0.32916309765258217 0.6485950607692308 0.3308393474178404 0.6694282523076923 0.326587682629108 0.6492528823076923 0.28483696525821595 0.6232372684615385 0.27489155774647883 0.61157974 0.2830951661971831 0.6054536807692308 0.28108642065727696 0.5961571930769232 0.28558389389671357
0 0.8821215292307693 0.1404801004694836 0.8818530307692308 0.1592565821596244 0.8939708992307692 0.1726623164319249 0.900852646923077 0.1756262732394366 0.920161036923077 0.17040300938967137 0.9388748369230769 0.15295864507042253 0.9297662984615384 0.1443125812206573 0.9190389823076923 0.14126668732394368 0.9115492199999999 0.12702045352112676 0.9095372276923077 0.10631716056338028 0.9057453592307693 0.10247992769953052 0.90021389 0.11269228262910798 0.8762102692307692 0.12345016807511736 0.8738358030769231 0.1280951267605634 0.8821215292307693 0.1404801004694836
0 0.7762763792307693 0.17156330516431925 0.7756521200000001 0.21521862723004695 0.7786748746153846 0.2190394723004695 0.7865673846153847 0.20512098309859156 0.8036355584615384 0.1951544366197183 0.8121092330769232 0.19439587230046948 0.805630233076923 0.16326719061032863 0.8158032346153845 0.1512755117370892 0.8273533638461539 0.15058249577464788 0.8368243753846153 0.13388030798122066 0.8484147792307694 0.13037082065727698 0.849237593076923 0.12663191079812208 0.832290243076923 0.12814904037558683 0.8223723161538461 0.12230306103286384 0.8196449100000001 0.09782808544600939 0.8010250838461539 0.10870068075117371 0.7895420792307691 0.10469957558685446 0.7787342138461538 0.10728662723004694 0.773444393076923 0.10060014741784037 0.7649707184615385 0.1013587117370892 0.7629223438461539 0.1370012544600939 0.7674564761538462 0.1427325220657277 0.7762763792307693 0.17156330516431925
0 0.903948963846154 0.8199218206572769 0.9014670992307692 0.8320773727699531 0.9099273492307692 0.8322576319248827 0.9216251523076923 0.8212375511737089 0.9328357653846153 0.7904857765258215 0.9390557992307693 0.7859227530516433 0.948124063076923 0.797385290140845 0.95023003 0.8115168131455399 0.9540353230769232 0.8144152215962441 0.9618070092307693 0.8089461492957747 0.9620218076923076 0.7939249633802816 0.9574474007692307 0.7910101680751174 0.9569199361538461 0.7740949464788732 0.9502127123076924 0.7589262751173709 0.9559321307692307 0.7355703821596244 0.9595858576923076 0.6952664938967136 0.980361456923077 0.6412407624413146 0.9836661353846153 0.6253463014084507 0.9931237223076923 0.609582938028169 0.9981680015384616 0.579638889201878 0.9912057046153847 0.5823078769953052 0.9758273246153847 0.6355094948356808 0.9652342584615385 0.6230753596244131 0.9636691815384615 0.6249202338028168 0.9563578361538462 0.651998647887324 0.9544302861538462 0.6791917727699531 0.9480357284615385 0.6959595098591549 0.9493994315384615 0.7081969981220657 0.9295808946153847 0.7490955784037558 0.9241702492307692 0.7508585154929577 0.9186522046153845 0.7601320469483568 0.9169528784615384 0.7713651615023475 0.9018698469230769 0.8039126488262911 0.903948963846154 0.8199218206572769
0 0.8952046453846154 0.6244005934272301 0.8982274 0.6282214384976526 0.9101265769230769 0.6031189962441315 0.914549416923077 0.5628314948356807 0.9393853838461538 0.4938665136150235 0.9610067538461539 0.3806948629107981 0.9723918907692307 0.3377383737089202 0.9801999584615384 0.2759234666666667 0.9780402923076923 0.26554723943661973 0.9709034707692308 0.2804209408450704 0.9680188576923077 0.3207412159624413 0.9516699907692309 0.38800880845070423 0.9341224123076923 0.48530238591549296 0.9117414607692308 0.5439894629107982 0.8986972723076924 0.5953625943661971 0.8952046453846154 0.6244005934272301
0 0.9675030715384616 0.46441408169014087 0.9161894038461539 0.6633512253521127 0.9207906607692308 0.6643883727699531 0.9418923515384615 0.6413602253521127 0.943497703076923 0.6366988788732394 0.9412172123076924 0.6347720685446009 0.9483271838461539 0.6217760159624414 0.9597352784615385 0.523412517370892 0.9792948492307693 0.44682223192488263 0.9802921861538462 0.4308786093896714 0.9675030715384616 0.46441408169014087
0 0.8410384553846153 0.3771996291079812 0.8390974800000001 0.405331579342723 0.8429833230769231 0.4025970422535211 0.853572496923077 0.36150181502347417 0.8678019723076923 0.2810415230046948 0.8680838953846155 0.26132621690140845 0.8482826761538462 0.3548153352112676 0.8410384553846153 0.3771996291079812
0 0.6715805330769231 0.6064883699530517 0.6712046353846154 0.6327754460093896 0.674996503076923 0.6366126779342722 0.6873425961538462 0.6340584018779343 0.6952485307692308 0.6192010882629108 0.7147045946153846 0.603650758685446 0.7195475007692308 0.5877890723004695 0.7173878338461539 0.5774128450704225 0.7206790869230769 0.5624572075117371 0.7192482592307692 0.5549138403755869 0.7115705484615384 0.5538111436619718 0.7047290753846154 0.5480307136150234 0.698522466923077 0.5516549126760563 0.6715805330769231 0.6064883699530517
0 0.5673725507692308 0.7920900798122066 0.5657000738461538 0.8014455474178404 0.5762931407692308 0.8138796816901409 0.5984631861538462 0.8237431530516433 0.6031181423076923 0.8210250037558685 0.6032658169230769 0.8106979389671362 0.5827816730769231 0.7905401765258216 0.5673725507692308 0.7920900798122066
0 0.6060469230769231 0.8314176187793427 0.6059126738461538 0.8408058600938968 0.612673596923077 0.852219234741784 0.62488544 0.8590531990610328 0.6353979569230769 0.8771202788732394 0.6522781815384615 0.8802972704225351 0.6623572084615384 0.8748773596244132 0.6609666553846154 0.8645175201877934 0.6533963438461539 0.8559042300469484 0.640388536923077 0.8509315267605634 0.6176104769230769 0.8297857784037559 0.6060469230769231 0.8314176187793427
0 0.6883420792307692 0.8331710525821596 0.6664175753846154 0.8599381098591549 0.6917312 0.8651730093896713 0.7096356115384616 0.8505287295774647 0.7105121246153846 0.843034523943662 0.6883420792307692 0.8331710525821596
0 0.7226031438461539 0.8583179061032864 0.7200675792307693 0.8742287539906104 0.7315505838461539 0.8782298591549296 0.740833646923077 0.8746712093896714 0.7518160361538462 0.8598794450704226 0.7534885123076923 0.8505239784037559 0.7428685961538462 0.8399674910798122 0.736715686923077 0.83983639342723 0.7226031438461539 0.8583179061032864
0 0.5828622223076924 0.7849072319248827 0.5858715523076923 0.7896669014084507 0.6019289638461538 0.7965828028169014 0.6327203576923077 0.7953606431924882 0.6395484061538461 0.8020798976525821 0.6464704284615385 0.8022273830985915 0.6550380776923077 0.7948970488262911 0.654376363076923 0.7873700694835681 0.66141921 0.779068137089202 0.6615803092307693 0.7678022478873239 0.6502986784615384 0.7497187802816901 0.6191946184615384 0.7190045314553991 0.6151208261538461 0.7348826056338028 0.5828622223076924 0.7849072319248827
0 0.09809027692307692 0.5754870093896715 0.09407018538461538 0.5876097868544601 0.09784862846153845 0.5923858431924883 0.11015444615384616 0.5926480394366197 0.12085491230769231 0.5975715812206572 0.13241846615384614 0.5959397417840376 0.12488842923076923 0.584509979342723 0.09809027692307692 0.5754870093896715
0 0.15421261384615384 0.6320902882629108 0.15556289230769232 0.6452666009389671 0.15928763538461538 0.6537979539906102 0.17071694076923075 0.6615543558685446 0.1891622423076923 0.6628864732394366 0.1944654876923077 0.6686341286384976 0.19779701615384615 0.6508620187793427 0.19493536076923076 0.6357752845070422 0.1773128723076923 0.6307042572769953 0.17264449076923077 0.6343612300469483 0.16734124461538463 0.6286135746478874 0.15809845692307692 0.629355752112676 0.15421261384615384 0.6320902882629108
0 0.22370523 0.6683180197183098 0.22054822615384614 0.6738854150234741 0.2334486330769231 0.6863687117370891 0.2419357330769231 0.6846713230046948 0.24128744384615383 0.6762055192488262 0.2374955753846154 0.6723682863849765 0.22370523 0.6683180197183098
0 0.1589827553846154 0.7289202713615023 0.16276119846153847 0.7336963276995305 0.17800922153846155 0.7434123136150235 0.2026074323076923 0.7448755295774647 0.20882746538461538 0.7403125070422535 0.20207996692307692 0.7279603079812207 0.1821769876923077 0.7209624713615023 0.18232466230769231 0.7106354056338029 0.17847909384615385 0.7105534694835681 0.16988459461538463 0.7197614516431925 0.16375853615384617 0.7177527051643192 0.16064180692307692 0.720503628169014 0.1589827553846154 0.7289202713615023
0 0.24523087923076922 0.7232450488262911 0.24663485692307693 0.7326660647887324 0.2550011323076923 0.7394180929577465 0.26729352538461537 0.7406191126760564 0.26964114076923074 0.7378518018779343 0.2659432469230769 0.7274428009389672 0.25296229 0.7205924488262911 0.24523087923076922 0.7232450488262911
0 0.06356460692307692 0.6226460018779343 0.06730277538461538 0.6302385305164319 0.08862315769230769 0.645718559624413 0.10091555076923077 0.6469195793427229 0.10099609999999999 0.641286634741784 0.08518033769230769 0.6174718995305164 0.06441427 0.6170294441314553 0.06356460692307692 0.6226460018779343
0 0.2816169746153846 0.6535870516431924 0.2830880776923077 0.6583139474178403 0.28759535923076923 0.6659228638497653 0.2922100415384616 0.6660211868544601 0.2999280269230769 0.6643074112676056 0.30160050384615383 0.654951944600939 0.28795783230769234 0.6405746122065727 0.2816169746153846 0.6535870516431924
0 0.25724094923076923 0.3675781896713615 0.25776841384615384 0.3844934112676056 0.26524475153846155 0.3996784694835681 0.27369157615384615 0.4007975530516432 0.27494788000000003 0.420545634741784 0.2800631769230769 0.43943682723004696 0.28685095 0.44897255399061037 0.3066331046153846 0.46441980845070424 0.32132681307692307 0.45909822065727696 0.32374155307692304 0.4516367896713615 0.31325588615384614 0.43169206197183096 0.2710312946153846 0.37162845633802816 0.26340728307692307 0.36677046384976525 0.25724094923076923 0.3675781896713615
0 0.7431314553846153 0.9291885577464789 0.7429972061538462 0.9385767990610329 0.744481733076923 0.9423648704225353 0.7498521038461539 0.9434184046948356 0.7607002438461539 0.9380148816901409 0.7617110061538461 0.921132434741784 0.757932563076923 0.9163563774647887 0.7604949769230769 0.8985678807511737 0.7504965 0.8983548469483569 0.7442630415384616 0.9038566938967136 0.7434268038461538 0.908534427230047 0.7487568992307693 0.9124044338028169 0.749418613076923 0.9199314140845071 0.7431314553846153 0.9291885577464789
0 0.8508476353846154 0.9286662985915494 0.8499711223076923 0.9361605042253521 0.8545321046153846 0.940014123943662 0.8606984384615385 0.9392063981220657 0.8685372484615383 0.9290432046948357 0.8686580730769231 0.9205937877934272 0.8633011276923076 0.9186014291079813 0.8586461707692308 0.9213195774647887 0.8508476353846154 0.9286662985915494
0 0.40185591769230766 0.853362076056338 0.40253105692307695 0.8599502328638498 0.41018191846153845 0.8629305774647887 0.4149039992307692 0.8555183079812206 0.4065242992307692 0.8497051032863849 0.40185591769230766 0.853362076056338
0 0.12091854307692308 0.9159312835680751 0.12315875923076924 0.9206745661971831 0.15459844307692308 0.9279182112676057 0.16386808153846152 0.925298385915493 0.1516830876923077 0.916586772769953 0.1527341246153846 0.8968878535211268 0.1481865676923077 0.8920954093896714 0.14202023384615384 0.8929031361502348 0.1370967792307692 0.9143977671361502 0.12091854307692308 0.9159312835680751
0 0.41434015230769233 0.8949489211267605 0.42043936153846156 0.8988353154929577 0.43344716846153847 0.9038080187793427 0.4465355246153846 0.9031477784037559 0.4450778469230769 0.8974820591549296 0.4229078015384615 0.8876185877934273 0.41434015230769233 0.8949489211267605
0 0.43898817 0.8391274779342722 0.4381653569230769 0.84286638685446 0.4534268046153846 0.8516435492957746 0.46654201076923074 0.8491056591549295 0.46890305153846157 0.8453995248826291 0.44361627615384613 0.8382869774647888 0.43898817 0.8391274779342722
0 0.6035862684615385 0.9496930713615024 0.6050439461538462 0.9553587906103287 0.6257428884615385 0.960495366197183 0.6348917023076923 0.9663249577464789 0.6457532676923077 0.9599826103286385 0.6343373876923076 0.9512873849765259 0.6159189361538462 0.9480776187793427 0.6035862684615385 0.9496930713615024
0 0.3910826876923077 0.9611302046948357 0.3932692038461538 0.9696287830985915 0.40249856769230774 0.9698254300469483 0.40565557153846155 0.9642580338028169 0.3910826876923077 0.9611302046948357
0 0.7453924823076923 0.6634685558685446 0.7475118746153846 0.6766612544600938 0.756674113076923 0.6815520225352112 0.7644994984615384 0.6723276535211268 0.7836831715384616 0.6220244441314554 0.79181733 0.5912071201877934 0.7913368523076924 0.571006014084507 0.7979394961538462 0.5396865042253521 0.8116185492307693 0.49771800187793425 0.8070844176923077 0.4919867333333333 0.7692848115384615 0.6066919004694836 0.7683008992307692 0.6216966995305164 0.7566165207692308 0.6317779568075117 0.7486837361538462 0.6485129183098591 0.7453924823076923 0.6634685558685446
0 0.7334682023076923 0.5289217352112676 0.7356547184615385 0.5374203136150234 0.7403096753846153 0.534702165258216 0.7538410538461539 0.5030607276995306 0.7573739561538462 0.47120625633802815 0.7628920007692308 0.4619327258215962 0.7702167707692308 0.4339154873239437 0.7706060938461539 0.4066895868544601 0.7786328530769231 0.3833828563380282 0.7807080776923077 0.3458626657276996 0.8000086823076923 0.23358067699530516 0.7986986784615384 0.21758789201877934 0.7802169946153846 0.2726016093896714 0.7771271153846154 0.2734748845070422 0.7823095369230769 0.28767195680751173 0.7821350130769231 0.2998766704225352 0.7803819869230769 0.314865082629108 0.7748639423076923 0.32413861314553993 0.7710893915384616 0.3728919183098591 0.7645068846153846 0.40280319248826296 0.7632947484615384 0.43376800187793424 0.7537834615384615 0.453286661971831 0.7487123323076923 0.485108358685446 0.7334682023076923 0.5289217352112676
0 0.8354861746153847 0.6578752685446009 0.8385492038461538 0.6588796422535211 0.8455115015384616 0.6562106544600939 0.8510429707692306 0.6459983004694836 0.852742296923077 0.6347651849765258 0.84824844 0.6262174441314553 0.8364835123076924 0.6419316460093897 0.8354861746153847 0.6578752685446009