0 0.06076923076923077 0.8694835680751174 0.06384615384615384 0.8676056338028169 0.07153846153846154 0.8206572769953052 0.08384615384615385 0.7774647887323943 0.09923076923076923 0.7539906103286385 0.1 0.7352112676056338 0.09076923076923077 0.7248826291079812 0.07615384615384616 0.7258215962441315 0.06 0.739906103286385 0.05076923076923077 0.7596244131455399 0.05153846153846154 0.7737089201877935 0.07538461538461538 0.7821596244131456 0.06153846153846154 0.8497652582159625 0.06076923076923077 0.8694835680751174
0 0.17 0.5333333333333333 0.19230769230769232 0.507981220657277 0.2230769230769231 0.49859154929577465 0.23384615384615384 0.49107981220657276 0.24846153846153846 0.46572769953051646 0.24923076923076923 0.4460093896713615 0.2323076923076923 0.4384976525821596 0.20076923076923076 0.4544600938967136 0.18769230769230769 0.46854460093896716 0.18 0.4892018779342723 0.15692307692307692 0.5248826291079812 0.1576923076923077 0.5370892018779343 0.17 0.5333333333333333
0 0.1946153846153846 0.6009389671361502 0.19076923076923077 0.6140845070422535 0.19230769230769232 0.6206572769953052 0.2076923076923077 0.5981220657276995 0.2353846153846154 0.5755868544600939 0.2423076923076923 0.5586854460093896 0.25 0.5521126760563381 0.23615384615384616 0.5380281690140845 0.20846153846153845 0.5305164319248826 0.2 0.5333333333333333 0.1930769230769231 0.5446009389671361 0.18384615384615385 0.5830985915492958 0.18461538461538463 0.5877934272300469 0.18846153846153846 0.5849765258215962 0.1946153846153846 0.6009389671361502
0 0.09384615384615384 0.6845070422535211 0.09153846153846154 0.6985915492957746 0.1 0.6967136150234742 0.10923076923076923 0.704225352112676 0.11538461538461539 0.7023474178403756 0.12153846153846154 0.6910798122065728 0.1376923076923077 0.6779342723004694 0.14153846153846153 0.6657276995305165 0.13230769230769232 0.6553990610328638 0.11538461538461539 0.6497652582159624 0.1076923076923077 0.6338028169014085 0.09615384615384616 0.6394366197183099 0.08384615384615385 0.6375586854460094 0.07230769230769231 0.6497652582159624 0.07153846153846154 0.6535211267605634 0.07538461538461538 0.6535211267605634 0.09153846153846154 0.6779342723004694 0.09384615384615384 0.6845070422535211
0 0.1576923076923077 0.5671361502347417 0.14923076923076922 0.5652582159624413 0.14692307692307693 0.568075117370892 0.14692307692307693 0.5859154929577465 0.1576923076923077 0.5877934272300469 0.1576923076923077 0.5671361502347417
0 0.024615384615384615 0.5727699530516432 0.03538461538461538 0.564319248826291 0.04153846153846154 0.5530516431924882 0.040769230769230766 0.5474178403755868 0.036923076923076927 0.5455399061032864 0.018461538461538463 0.5483568075117371 0.013846153846153847 0.5633802816901409 0.013846153846153847 0.571830985915493 0.01769230769230769 0.5737089201877934 0.024615384615384615 0.5727699530516432
0 0.10384615384615385 0.5596244131455399 0.11461538461538462 0.5586854460093896 0.13230769230769232 0.5483568075117371 0.14 0.539906103286385 0.13538461538461538 0.5286384976525822 0.13 0.523943661971831 0.11076923076923077 0.5276995305164319 0.10230769230769231 0.536150234741784 0.10307692307692308 0.5446009389671361 0.09692307692307692 0.5483568075117371 0.09461538461538462 0.5558685446009389 0.10384615384615385 0.5596244131455399
0 0.06384615384615384 0.47981220657276996 0.06384615384615384 0.47417840375586856 0.057692307692307696 0.4723004694835681 0.038461538461538464 0.49107981220657276 0.036923076923076927 0.5023474178403756 0.05384615384615385 0.5004694835680751 0.057692307692307696 0.48450704225352115 0.06384615384615384 0.47981220657276996
0 0.12076923076923077 0.4751173708920188 0.12461538461538461 0.4629107981220657 0.12153846153846154 0.4591549295774648 0.10692307692307693 0.4619718309859155 0.09153846153846154 0.47136150234741786 0.08692307692307692 0.4788732394366197 0.08692307692307692 0.48826291079812206 0.09153846153846154 0.492018779342723 0.09923076923076923 0.49014084507042255 0.12076923076923077 0.4751173708920188
0 0.16538461538461538 0.447887323943662 0.15384615384615385 0.4460093896713615 0.14153846153846153 0.45258215962441317 0.1376923076923077 0.460093896713615 0.13923076923076924 0.4694835680751174 0.15 0.4704225352112676 0.16230769230769232 0.4629107981220657 0.16538461538461538 0.447887323943662
0 0.045384615384615384 0.36056338028169016 0.04923076923076923 0.36056338028169016 0.057692307692307696 0.3568075117370892 0.06846153846153846 0.336150234741784 0.08 0.3323943661971831 0.08384615384615385 0.3154929577464789 0.07692307692307693 0.30985915492957744 0.07076923076923076 0.30985915492957744 0.04923076923076923 0.32018779342723 0.03307692307692308 0.3220657276995305 0.033846153846153845 0.3267605633802817 0.026153846153846153 0.3380281690140845 0.026923076923076925 0.3427230046948357 0.045384615384615384 0.36056338028169016
0 0.05153846153846154 0.2516431924882629 0.04384615384615385 0.2507042253521127 0.026153846153846153 0.2647887323943662 0.025384615384615384 0.27136150234741785 0.03769230769230769 0.2676056338028169 0.05 0.25821596244131456 0.05153846153846154 0.2516431924882629
0 0.1 0.231924882629108 0.07923076923076923 0.23286384976525823 0.06461538461538462 0.2507042253521127 0.06384615384615384 0.26009389671361505 0.07769230769230769 0.25727699530516435 0.09230769230769231 0.24788732394366197 0.1 0.231924882629108
0 0.2684615384615385 0.39530516431924884 0.2723076923076923 0.38497652582159625 0.27076923076923076 0.3727699530516432 0.26692307692307693 0.37089201877934275 0.25076923076923074 0.3727699530516432 0.23307692307692307 0.38403755868544603 0.23076923076923078 0.38779342723004695 0.23153846153846153 0.4028169014084507 0.24307692307692308 0.40657276995305164 0.2684615384615385 0.39530516431924884
0 0.31461538461538463 0.40657276995305164 0.3261538461538461 0.4131455399061033 0.33153846153846156 0.41220657276995304 0.3523076923076923 0.39812206572769954 0.35846153846153844 0.37746478873239436 0.3553846153846154 0.3727699530516432 0.35923076923076924 0.35774647887323946 0.3546153846153846 0.355868544600939 0.3515384615384615 0.3474178403755869 0.33076923076923076 0.3530516431924883 0.32384615384615384 0.3643192488262911 0.3230769230769231 0.3727699530516432 0.30615384615384617 0.37934272300469485 0.3069230769230769 0.39436619718309857 0.2853846153846154 0.41502347417840374 0.28307692307692306 0.42347417840375584 0.28692307692307695 0.428169014084507 0.28923076923076924 0.4197183098591549 0.31461538461538463 0.40657276995305164
0 0.34 0.4328638497652582 0.3376923076923077 0.4272300469483568 0.33 0.4244131455399061 0.3223076923076923 0.4300469483568075 0.31846153846153846 0.4356807511737089 0.32461538461538464 0.4413145539906103 0.3353846153846154 0.4403755868544601 0.34 0.4328638497652582
0 0.42846153846153845 0.28450704225352114 0.44076923076923075 0.26948356807511736 0.4453846153846154 0.25821596244131456 0.43615384615384617 0.24976525821596243 0.4146153846153846 0.24976525821596243 0.3923076923076923 0.25821596244131456 0.3830769230769231 0.26948356807511736 0.3823076923076923 0.28356807511737087 0.3869230769230769 0.28826291079812205 0.4115384615384615 0.28826291079812205 0.42846153846153845 0.28450704225352114
0 0.4823076923076923 0.3136150234741784 0.4807692307692308 0.30985915492957744 0.47 0.3061032863849765 0.4530769230769231 0.30985915492957744 0.4461538461538462 0.3136150234741784 0.43846153846153846 0.32582159624413143 0.43923076923076926 0.3333333333333333 0.4453846153846154 0.3333333333333333 0.4707692307692308 0.32582159624413143 0.4823076923076923 0.3136150234741784
0 0.48615384615384616 0.1596244131455399 0.5061538461538462 0.14741784037558686 0.5130769230769231 0.14741784037558686 0.5161538461538462 0.15211267605633802 0.5153846153846153 0.15774647887323945 0.5238461538461539 0.16150234741784036 0.5292307692307693 0.16150234741784036 0.5484615384615384 0.14647887323943662 0.5638461538461539 0.14835680751173708 0.6076923076923076 0.10328638497652583 0.6176923076923077 0.09107981220657277 0.6176923076923077 0.0863849765258216 0.6123076923076923 0.08732394366197183 0.6023076923076923 0.08169014084507042 0.5984615384615385 0.08544600938967137 0.563076923076923 0.09201877934272301 0.5561538461538461 0.0892018779342723 0.5476923076923077 0.09671361502347418 0.5307692307692308 0.10328638497652583 0.5223076923076924 0.11643192488262911 0.4576923076923077 0.17370892018779344 0.47923076923076924 0.17464788732394365 0.48615384615384616 0.1596244131455399
0 0.7092307692307692 0.5633802816901409 0.6907692307692308 0.4892018779342723 0.6861538461538461 0.4535211267605634 0.6746153846153846 0.428169014084507 0.6692307692307692 0.4225352112676056 0.6638461538461539 0.42347417840375584 0.6653846153846154 0.4544600938967136 0.6776923076923077 0.4807511737089202 0.71 0.5774647887323944 0.7092307692307692 0.5633802816901409
0 0.5576923076923077 0.5295774647887324 0.5607692307692308 0.5370892018779343 0.57 0.5352112676056338 0.5792307692307692 0.5915492957746479 0.5838461538461538 0.596244131455399 0.5861538461538461 0.5793427230046948 0.58 0.5521126760563381 0.5807692307692308 0.5295774647887324 0.5923076923076923 0.5211267605633803 0.5961538461538461 0.5136150234741784 0.5930769230769231 0.47417840375586856 0.5876923076923077 0.4610328638497653 0.5869230769230769 0.4431924882629108 0.58 0.43661971830985913 0.5753846153846154 0.4225352112676056 0.546923076923077 0.4591549295774648 0.55 0.48826291079812206 0.546923076923077 0.5061032863849765 0.55 0.5230046948356808 0.5576923076923077 0.5295774647887324
0 0.5323076923076923 0.6535211267605634 0.5315384615384615 0.676056338028169 0.5330769230769231 0.6807511737089202 0.5376923076923077 0.6807511737089202 0.566923076923077 0.6713615023474179 0.5692307692307692 0.6638497652582159 0.556923076923077 0.6028169014084507 0.5507692307692308 0.5859154929577465 0.5415384615384615 0.571830985915493 0.5353846153846153 0.5699530516431925 0.5315384615384615 0.5737089201877934 0.5307692307692308 0.6009389671361502 0.5376923076923077 0.6375586854460094 0.536923076923077 0.6488262910798122 0.5323076923076923 0.6535211267605634
0 0.62 0.7276995305164319 0.6461538461538462 0.7183098591549296 0.666923076923077 0.6769953051643193 0.6461538461538462 0.672300469483568 0.6115384615384616 0.6732394366197183 0.5930769230769231 0.6948356807511737 0.5930769230769231 0.7164319248826291 0.6023076923076923 0.7211267605633803 0.6084615384615385 0.7192488262910798 0.62 0.7276995305164319
0 0.8946153846153846 0.895774647887324 0.9 0.9061032863849765 0.9038461538461539 0.9023474178403755 0.9061538461538462 0.8816901408450705 0.9138461538461539 0.8676056338028169 0.9246153846153846 0.8647887323943662 0.9338461538461539 0.856338028169014 0.9153846153846154 0.8384976525821596 0.8961538461538462 0.8328638497652582 0.8892307692307693 0.8356807511737089 0.8769230769230769 0.8488262910798122 0.8769230769230769 0.8676056338028169 0.8684615384615385 0.8798122065727699 0.8707692307692307 0.8845070422535212 0.8946153846153846 0.895774647887324
0 0.7592307692307693 0.9042253521126761 0.7676923076923077 0.9051643192488263 0.7730769230769231 0.8985915492957747 0.7838461538461539 0.9014084507042254 0.7953846153846154 0.8976525821596244 0.8138461538461539 0.9089201877934272 0.816923076923077 0.8845070422535212 0.8269230769230769 0.8788732394366198 0.8438461538461538 0.8807511737089202 0.8430769230769231 0.8769953051643192 0.8315384615384616 0.8732394366197183 0.8223076923076923 0.856338028169014 0.8107692307692308 0.8553990610328639 0.8007692307692308 0.8431924882629108 0.8076923076923077 0.812206572769953 0.7992307692307692 0.8112676056338028 0.7823076923076923 0.8009389671361502 0.7746153846153846 0.7868544600938967 0.7715384615384615 0.7906103286384977 0.7715384615384615 0.8342723004694835 0.7623076923076924 0.8629107981220657 0.7576923076923077 0.8685446009389671 0.7592307692307693 0.9042253521126761
0 0.9223076923076923 0.24882629107981222 0.9276923076923077 0.25821596244131456 0.933076923076923 0.26009389671361505 0.9523076923076923 0.30140845070422534 0.9507692307692308 0.3136150234741784 0.9569230769230769 0.3305164319248826 0.9584615384615385 0.35774647887323946 0.9653846153846154 0.38497652582159625 0.9669230769230769 0.38685446009389673 0.9776923076923076 0.37464788732394366 0.9923076923076923 0.428169014084507 0.9992307692307693 0.4309859154929577 0.9946153846153846 0.40093896713615024 0.9853846153846154 0.38497652582159625 0.9823076923076923 0.36901408450704226 0.9623076923076923 0.3145539906103286 0.9592307692307692 0.27417840375586855 0.9538461538461539 0.2507042253521127 0.9607692307692308 0.23568075117370893 0.9615384615384616 0.2187793427230047 0.9661538461538461 0.215962441314554 0.9661538461538461 0.20093896713615023 0.9584615384615385 0.19530516431924883 0.9546153846153846 0.19812206572769953 0.9523076923076923 0.21220657276995306 0.943076923076923 0.22347417840375586 0.936923076923077 0.2187793427230047 0.9261538461538461 0.18779342723004694 0.9146153846153846 0.17652582159624414 0.9061538461538462 0.17652582159624414 0.9084615384615384 0.18873239436619718 0.9061538461538462 0.20469483568075117 0.9207692307692308 0.2375586854460094 0.9223076923076923 0.24882629107981222
0 0.9338461538461539 0.523943661971831 0.95 0.6215962441314554 0.9653846153846154 0.6892018779342723 0.9676923076923077 0.7295774647887324 0.9746153846153847 0.7446009389671362 0.9769230769230769 0.7342723004694836 0.97 0.672300469483568 0.9592307692307692 0.6291079812206573 0.9392307692307692 0.5154929577464789 0.9153846153846154 0.4460093896713615 0.9115384615384615 0.4056338028169014 0.9 0.38028169014084506 0.8969230769230769 0.38403755868544603 0.9 0.4131455399061033 0.9123076923076923 0.4647887323943662 0.9338461538461539 0.523943661971831
0 0.96 0.4863849765258216 0.95 0.38779342723004695 0.943076923076923 0.37464788732394366 0.9453846153846154 0.3727699530516432 0.9438461538461539 0.36807511737089205 0.9230769230769231 0.34460093896713617 0.9184615384615384 0.3455399061032864 0.9669230769230769 0.5455399061032864 0.9792307692307692 0.5793427230046948 0.9784615384615385 0.5633802816901409 0.96 0.4863849765258216
0 0.8646153846153846 0.7267605633802817 0.8515384615384616 0.6460093896713615 0.8415384615384616 0.6046948356807512 0.8376923076923077 0.6018779342723005 0.8392307692307692 0.6300469483568075 0.8461538461538461 0.6525821596244131 0.8646153846153846 0.7464788732394366 0.8646153846153846 0.7267605633802817
0 0.7123076923076923 0.4507042253521127 0.72 0.4497652582159624 0.7215384615384616 0.4422535211267606 0.7184615384615385 0.4272300469483568 0.7207692307692307 0.4169014084507042 0.7161538461538461 0.40093896713615024 0.696923076923077 0.38497652582159625 0.6892307692307692 0.3699530516431925 0.676923076923077 0.3671361502347418 0.6730769230769231 0.37089201877934275 0.6730769230769231 0.3971830985915493 0.6992307692307692 0.45258215962441317 0.7053846153846154 0.4563380281690141 0.7123076923076923 0.4507042253521127
0 0.6076923076923076 0.1812206572769953 0.6030769230769231 0.1784037558685446 0.5807692307692308 0.18779342723004694 0.57 0.2 0.5715384615384616 0.20938967136150236 0.5869230769230769 0.2112676056338028 0.6076923076923076 0.19154929577464788 0.6076923076923076 0.1812206572769953
0 0.6584615384615384 0.14741784037558686 0.6661538461538462 0.13896713615023473 0.6676923076923077 0.12863849765258217 0.6576923076923077 0.12300469483568074 0.6407692307692308 0.12582159624413145 0.63 0.14366197183098592 0.6176923076923077 0.15023474178403756 0.6107692307692307 0.16150234741784036 0.6107692307692307 0.17089201877934274 0.6223076923076923 0.1727699530516432 0.6453846153846153 0.15211267605633802 0.6584615384615384 0.14741784037558686
0 0.696923076923077 0.13896713615023473 0.6715384615384615 0.14366197183098592 0.693076923076923 0.17089201877934274 0.7153846153846154 0.16150234741784036 0.7146153846153847 0.1539906103286385 0.696923076923077 0.13896713615023473
0 0.7584615384615384 0.15492957746478872 0.7569230769230769 0.14553990610328638 0.7461538461538462 0.13051643192488263 0.7369230769230769 0.1267605633802817 0.7253846153846154 0.13051643192488263 0.7276923076923076 0.14647887323943662 0.7415384615384616 0.1652582159624413 0.7476923076923077 0.1652582159624413 0.7584615384615384 0.15492957746478872
0 0.6538461538461539 0.2535211267605634 0.6653846153846154 0.23568075117370893 0.6653846153846154 0.2244131455399061 0.6584615384615384 0.215962441314554 0.6592307692307692 0.2084507042253521 0.6507692307692308 0.20093896713615023 0.6438461538461538 0.20093896713615023 0.6369230769230769 0.20751173708920187 0.6061538461538462 0.2056338028169014 0.59 0.21220657276995306 0.5869230769230769 0.21690140845070421 0.6184615384615385 0.2676056338028169 0.6223076923076923 0.28356807511737087 0.6538461538461539 0.2535211267605634
0 0.12230769230769231 0.39436619718309857 0.11153846153846154 0.39906103286384975 0.09923076923076923 0.39906103286384975 0.09538461538461539 0.40375586854460094 0.09923076923076923 0.415962441314554 0.12615384615384614 0.40751173708920185 0.13384615384615384 0.39624413145539905 0.12230769230769231 0.39436619718309857
0 0.17461538461538462 0.3586854460093897 0.17923076923076922 0.3624413145539906 0.19692307692307692 0.35774647887323946 0.2 0.3427230046948357 0.19692307692307692 0.3248826291079812 0.19153846153846155 0.3305164319248826 0.17307692307692307 0.3314553990610329 0.16153846153846155 0.3389671361502347 0.1576923076923077 0.3474178403755869 0.15615384615384614 0.36056338028169016 0.16 0.36338028169014086 0.16923076923076924 0.3643192488262911 0.17461538461538462 0.3586854460093897
0 0.24461538461538462 0.30985915492957744 0.23615384615384616 0.307981220657277 0.2230769230769231 0.32018779342723 0.22615384615384615 0.32582159624413143 0.24 0.3220657276995305 0.24384615384615385 0.3183098591549296 0.24461538461538462 0.30985915492957744
0 0.17307692307692307 0.27323943661971833 0.18153846153846154 0.28262910798122065 0.1853846153846154 0.28262910798122065 0.1853846153846154 0.27230046948356806 0.2053846153846154 0.26572769953051645 0.2123076923076923 0.2535211267605634 0.20615384615384616 0.24882629107981222 0.18153846153846154 0.24976525821596243 0.16615384615384615 0.2591549295774648 0.16230769230769232 0.26384976525821596 0.16384615384615384 0.27230046948356806 0.16692307692307692 0.27511737089201876 0.17307692307692307 0.27323943661971833
0 0.27307692307692305 0.25727699530516435 0.27076923076923076 0.2544600938967136 0.25846153846153846 0.25539906103286386 0.25 0.2619718309859155 0.24846153846153846 0.27136150234741785 0.2561538461538462 0.27417840375586855 0.2692307692307692 0.2676056338028169 0.27307692307692305 0.25727699530516435
0 0.10307692307692308 0.3502347417840376 0.10307692307692308 0.34460093896713617 0.09076923076923077 0.3455399061032864 0.06923076923076923 0.36056338028169016 0.06538461538461539 0.36807511737089205 0.06615384615384616 0.37370892018779345 0.08692307692307692 0.37370892018779345 0.10307692307692308 0.3502347417840376
0 0.30230769230769233 0.3314553990610329 0.2946153846153846 0.3295774647887324 0.29 0.3295774647887324 0.2853846153846154 0.3370892018779343 0.28384615384615386 0.34178403755868547 0.29 0.35492957746478876 0.3038461538461538 0.3408450704225352 0.30230769230769233 0.3314553990610329
0 0.3123076923076923 0.564319248826291 0.3230769230769231 0.5446009389671361 0.32076923076923075 0.5370892018779343 0.30615384615384617 0.5314553990610329 0.28615384615384615 0.5464788732394367 0.2792307692307692 0.5558685446009389 0.27384615384615385 0.5746478873239437 0.2723076923076923 0.5943661971830986 0.26384615384615384 0.5953051643192488 0.2561538461538462 0.6103286384976526 0.2553846153846154 0.6272300469483568 0.26153846153846155 0.6281690140845071 0.2692307692307692 0.6234741784037559 0.3123076923076923 0.564319248826291
0 0.7492307692307693 0.09671361502347418 0.75 0.10140845070422536 0.7561538461538462 0.10704225352112676 0.7661538461538462 0.10704225352112676 0.7638461538461538 0.0892018779342723 0.7676923076923077 0.08450704225352113 0.7669230769230769 0.0676056338028169 0.7561538461538462 0.061971830985915494 0.7507692307692307 0.06291079812206572 0.7492307692307693 0.06666666666666667 0.7492307692307693 0.07605633802816901 0.7553846153846154 0.08544600938967137 0.7546153846153846 0.09295774647887324 0.7492307692307693 0.09671361502347418
0 0.8746153846153846 0.08732394366197183 0.8746153846153846 0.07887323943661972 0.8669230769230769 0.06854460093896714 0.8607692307692307 0.0676056338028169 0.8561538461538462 0.07136150234741784 0.8569230769230769 0.07887323943661972 0.8646153846153846 0.0863849765258216 0.8692307692307693 0.0892018779342723 0.8746153846153846 0.08732394366197183
0 0.4153846153846154 0.1352112676056338 0.4076923076923077 0.13802816901408452 0.40692307692307694 0.14460093896713616 0.4115384615384615 0.14835680751173708 0.42 0.14272300469483568 0.4153846153846154 0.1352112676056338
0 0.15384615384615385 0.10046948356807511 0.15846153846153846 0.09577464788732394 0.1576923076923077 0.07605633802816901 0.17 0.0676056338028169 0.16076923076923078 0.0647887323943662 0.12923076923076923 0.07136150234741784 0.12692307692307692 0.07605633802816901 0.14307692307692307 0.07793427230046948 0.1476923076923077 0.09953051643192488 0.15384615384615385 0.10046948356807511
0 0.4523076923076923 0.09577464788732394 0.43923076923076926 0.09483568075117371 0.42615384615384616 0.09953051643192488 0.42 0.10328638497652583 0.42846153846153845 0.1107981220657277 0.45076923076923076 0.10140845070422536 0.4523076923076923 0.09577464788732394
0 0.4715384615384615 0.15023474178403756 0.4584615384615385 0.14741784037558686 0.4430769230769231 0.15586854460093896 0.44384615384615383 0.1596244131455399 0.44846153846153847 0.16056338028169015 0.47384615384615386 0.1539906103286385 0.4715384615384615 0.15023474178403756
0 0.6523076923076923 0.0431924882629108 0.6415384615384615 0.036619718309859155 0.6323076923076923 0.04225352112676056 0.6115384615384616 0.046948356807511735 0.61 0.05258215962441314 0.6223076923076923 0.054460093896713614 0.6407692307692308 0.051643192488262914 0.6523076923076923 0.0431924882629108
0 0.4 0.028169014084507043 0.3976923076923077 0.036619718309859155 0.4123076923076923 0.03380281690140845 0.40923076923076923 0.028169014084507043 0.4 0.028169014084507043
0 0.77 0.38403755868544603 0.7707692307692308 0.39906103286384975 0.806923076923077 0.5145539906103287 0.8115384615384615 0.5089201877934272 0.7984615384615384 0.4666666666666667 0.7923076923076923 0.4352112676056338 0.7930769230769231 0.41502347417840374 0.7853846153846153 0.38403755868544603 0.7669230769230769 0.3333333333333333 0.7592307692307693 0.323943661971831 0.75 0.3286384976525822 0.7476923076923077 0.34178403755868547 0.7507692307692307 0.3568075117370892 0.7584615384615384 0.37370892018779345 0.77 0.38403755868544603
0 0.7623076923076924 0.571830985915493 0.7630769230769231 0.6028169014084507 0.7692307692307693 0.6328638497652582 0.7723076923076924 0.6816901408450704 0.7776923076923077 0.6910798122065728 0.7792307692307693 0.7061032863849765 0.7792307692307693 0.7183098591549296 0.7738461538461539 0.7323943661971831 0.7769230769230769 0.7333333333333333 0.7946153846153846 0.7887323943661971 0.7961538461538461 0.7727699530516432 0.7784615384615384 0.6600938967136151 0.7769230769230769 0.6225352112676056 0.7692307692307693 0.5990610328638498 0.7692307692307693 0.571830985915493 0.7623076923076924 0.543661971830986 0.7569230769230769 0.5342723004694836 0.7538461538461538 0.5023474178403756 0.7407692307692307 0.4704225352112676 0.7361538461538462 0.4676056338028169 0.7338461538461538 0.476056338028169 0.7484615384615385 0.5201877934272301 0.7530769230769231 0.5521126760563381 0.7623076923076924 0.571830985915493
0 0.8546153846153847 0.3727699530516432 0.8530769230769231 0.3615023474178404 0.8476923076923077 0.3511737089201878 0.8407692307692308 0.3483568075117371 0.8376923076923077 0.3492957746478873 0.8384615384615385 0.3652582159624413 0.85 0.3812206572769953 0.8546153846153847 0.3727699530516432