0 0.8070588235294117 0.9488536155202821 0.8188235294117647 0.927689594356261 0.8141176470588235 0.892416225749559 0.7870588235294118 0.8694885361552028 0.7670588235294118 0.8800705467372134 0.7494117647058823 0.9153439153439153 0.7423529411764705 0.9559082892416225 0.7635294117647059 0.9488536155202821 0.7917647058823529 0.9576719576719577 0.8070588235294117 0.9488536155202821
0 0.8376470588235294 0.8377425044091711 0.8552941176470589 0.8042328042328042 0.8470588235294118 0.7901234567901234 0.8164705882352942 0.783068783068783 0.7976470588235294 0.7954144620811288 0.78 0.8236331569664903 0.7635294117647059 0.8571428571428571 0.7870588235294118 0.8447971781305115 0.8105882352941176 0.8518518518518519 0.8376470588235294 0.8377425044091711
0 0.8176470588235294 0.9788359788359788 0.8011764705882353 0.982363315696649 0.7988235294117647 0.9982363315696648 0.8188235294117647 0.9982363315696648 0.8223529411764706 0.9894179894179894 0.8176470588235294 0.9788359788359788
0 0.9094117647058824 0.6261022927689595 0.9364705882352942 0.6190476190476191 0.9658823529411765 0.5908289241622575 0.9647058823529412 0.5731922398589065 0.9564705882352941 0.5679012345679012 0.9235294117647059 0.5696649029982364 0.9047058823529411 0.5784832451499118 0.8623529411764705 0.5784832451499118 0.8647058823529412 0.5890652557319224 0.8811764705882353 0.5855379188712522 0.8988235294117647 0.6225749559082893 0.9094117647058824 0.6261022927689595
0 0.8682352941176471 0.6455026455026455 0.8294117647058824 0.6172839506172839 0.8258823529411765 0.6172839506172839 0.8270588235294117 0.6278659611992945 0.8141176470588235 0.6419753086419753 0.8164705882352942 0.6596119929453262 0.8458823529411764 0.671957671957672 0.8588235294117647 0.6666666666666666 0.8682352941176471 0.6455026455026455
0 0.6952941176470588 0.8130511463844797 0.7552941176470588 0.7671957671957672 0.7835294117647059 0.7583774250440917 0.7894117647058824 0.7495590828924162 0.7870588235294118 0.7231040564373897 0.7917647058823529 0.7072310405643739 0.7741176470588236 0.7037037037037037 0.7247058823529412 0.7160493827160493 0.7211764705882353 0.7301587301587301 0.6788235294117647 0.763668430335097 0.6729411764705883 0.8024691358024691 0.6752941176470588 0.8165784832451499 0.6894117647058824 0.8253968253968254 0.6952941176470588 0.8130511463844797
0 0.6411764705882353 0.9929453262786596 0.6552941176470588 0.9911816578483245 0.6658823529411765 0.9576719576719577 0.6588235294117647 0.9417989417989417 0.6576470588235294 0.9241622574955908 0.6458823529411765 0.9171075837742504 0.6282352941176471 0.9206349206349206 0.611764705882353 0.9453262786596119 0.6105882352941177 0.9894179894179894 0.62 0.9841269841269841 0.6388235294117647 0.9858906525573192 0.6411764705882353 0.9929453262786596
0 0.5858823529411765 0.9594356261022927 0.6 0.9206349206349206 0.6 0.908289241622575 0.5941176470588235 0.9029982363315696 0.5847058823529412 0.91005291005291 0.5694117647058824 0.8977072310405644 0.5517647058823529 0.9153439153439153 0.5317647058823529 0.9611992945326279 0.5447058823529412 0.9717813051146384 0.5682352941176471 0.9735449735449735 0.5858823529411765 0.9594356261022927
0 0.6317647058823529 0.8941798941798942 0.6258823529411764 0.8888888888888888 0.6070588235294118 0.8888888888888888 0.6058823529411764 0.9029982363315696 0.6105882352941177 0.9118165784832452 0.6305882352941177 0.908289241622575 0.6317647058823529 0.8941798941798942
0 0.4 0.7848324514991182 0.3588235294117647 0.8236331569664903 0.3588235294117647 0.8359788359788359 0.38 0.8253968253968254 0.4 0.7936507936507936 0.4 0.7848324514991182
0 0.3835294117647059 0.7707231040564374 0.3952941176470588 0.7336860670194003 0.38823529411764707 0.7283950617283951 0.36705882352941177 0.7319223985890653 0.34 0.7654320987654321 0.3458823529411765 0.7936507936507936 0.35764705882352943 0.7936507936507936 0.3588235294117647 0.7865961199294532 0.3835294117647059 0.7707231040564374
0 0.4011764705882353 0.9312169312169312 0.42 0.9012345679012346 0.4188235294117647 0.8871252204585538 0.4117647058823529 0.8783068783068783 0.4152941176470588 0.8677248677248677 0.40588235294117647 0.8571428571428571 0.38941176470588235 0.8624338624338624 0.3764705882352941 0.8765432098765432 0.37529411764705883 0.8888888888888888 0.36470588235294116 0.908289241622575 0.3623529411764706 0.9259259259259259 0.3729411764705882 0.9294532627865961 0.3776470588235294 0.9435626102292769 0.4011764705882353 0.9312169312169312
0 0.3 0.982363315696649 0.31058823529411766 0.9770723104056437 0.3129411764705882 0.9559082892416225 0.33294117647058824 0.9188712522045855 0.33294117647058824 0.8800705467372134 0.34352941176470586 0.8465608465608465 0.35058823529411764 0.8395061728395061 0.33647058823529413 0.8342151675485009 0.31411764705882356 0.8518518518518519 0.28705882352941176 0.9029982363315696 0.29058823529411765 0.9365079365079365 0.26823529411764707 0.9982363315696648 0.29411764705882354 0.9982363315696648 0.3 0.982363315696649
0 0.20470588235294118 0.9559082892416225 0.1976470588235294 0.9541446208112875 0.18941176470588236 0.9400352733686067 0.1776470588235294 0.9594356261022927 0.1776470588235294 0.9982363315696648 0.18941176470588236 0.9982363315696648 0.20352941176470588 0.982363315696649 0.20470588235294118 0.9559082892416225
0 0.15058823529411763 0.7865961199294532 0.13058823529411764 0.8130511463844797 0.11647058823529412 0.8641975308641975 0.13411764705882354 0.8447971781305115 0.15764705882352942 0.7936507936507936 0.15058823529411763 0.7865961199294532
0 0.14941176470588236 0.7477954144620811 0.1635294117647059 0.7231040564373897 0.1635294117647059 0.708994708994709 0.15176470588235294 0.7072310405643739 0.1388235294117647 0.7195767195767195 0.12117647058823529 0.7671957671957672 0.12 0.7742504409171076 0.12470588235294118 0.7777777777777778 0.14588235294117646 0.7442680776014109 0.14941176470588236 0.7477954144620811
0 0.22 0.7231040564373897 0.20588235294117646 0.7195767195767195 0.19176470588235295 0.7336860670194003 0.18470588235294116 0.7671957671957672 0.2 0.7707231040564374 0.2164705882352941 0.7425044091710759 0.22 0.7231040564373897
0 0.29411764705882354 0.798941798941799 0.31176470588235294 0.7777777777777778 0.3058823529411765 0.7601410934744268 0.3070588235294118 0.7477954144620811 0.2788235294117647 0.7530864197530864 0.2529411764705882 0.7936507936507936 0.2529411764705882 0.8218694885361552 0.24705882352941178 0.8430335097001763 0.27058823529411763 0.8095238095238095 0.29411764705882354 0.798941798941799
0 0.15058823529411763 0.8977072310405644 0.14941176470588236 0.8747795414462081 0.14 0.8765432098765432 0.1188235294117647 0.9312169312169312 0.11764705882352941 0.9435626102292769 0.12352941176470589 0.9523809523809523 0.13411764705882354 0.9488536155202821 0.15058823529411763 0.8977072310405644
0 0.16588235294117648 0.8800705467372134 0.16470588235294117 0.9065255731922398 0.16941176470588235 0.908289241622575 0.17529411764705882 0.8765432098765432 0.16588235294117648 0.8800705467372134
0 0.18941176470588236 0.63668430335097 0.18 0.6437389770723104 0.17294117647058824 0.656084656084656 0.17529411764705882 0.6649029982363316 0.19294117647058823 0.6490299823633157 0.18941176470588236 0.63668430335097
0 0.32941176470588235 0.6014109347442681 0.3388235294117647 0.5978835978835979 0.34705882352941175 0.6084656084656085 0.34941176470588237 0.6313932980599647 0.3376470588235294 0.654320987654321 0.3447058823529412 0.6649029982363316 0.36 0.6578483245149912 0.38 0.6349206349206349 0.37411764705882355 0.6155202821869489 0.38823529411764707 0.6067019400352733 0.4011764705882353 0.5873015873015873 0.38941176470588235 0.5432098765432098 0.36 0.5202821869488536 0.3305882352941176 0.5537918871252204 0.3176470588235294 0.5537918871252204 0.3023529411764706 0.5714285714285714 0.3 0.5855379188712522 0.3035294117647059 0.5908289241622575 0.3247058823529412 0.5925925925925926 0.32941176470588235 0.6014109347442681
0 0.2811764705882353 0.7301587301587301 0.2811764705882353 0.7389770723104057 0.2917647058823529 0.7389770723104057 0.3 0.7195767195767195 0.2811764705882353 0.7301587301587301
0 0.3588235294117647 0.6843033509700176 0.34941176470588237 0.6790123456790124 0.32941176470588235 0.6966490299823633 0.33176470588235296 0.7072310405643739 0.3447058823529412 0.7054673721340388 0.3564705882352941 0.6966490299823633 0.3588235294117647 0.6843033509700176
0 0.4011764705882353 0.6507936507936508 0.39647058823529413 0.6349206349206349 0.37411764705882355 0.6455026455026455 0.36823529411764705 0.654320987654321 0.36941176470588233 0.6666666666666666 0.38235294117647056 0.6666666666666666 0.4011764705882353 0.6507936507936508
0 0.4623529411764706 0.5343915343915344 0.4470588235294118 0.5308641975308642 0.41411764705882353 0.5573192239858906 0.4176470588235294 0.5855379188712522 0.43411764705882355 0.5943562610229277 0.45294117647058824 0.5714285714285714 0.4623529411764706 0.5343915343915344
0 0.5129411764705882 0.6807760141093474 0.5047058823529412 0.6790123456790124 0.49058823529411766 0.689594356261023 0.4894117647058824 0.7001763668430335 0.5011764705882353 0.6984126984126984 0.5105882352941177 0.691358024691358 0.5129411764705882 0.6807760141093474
0 0.5588235294117647 0.6331569664902998 0.5588235294117647 0.6261022927689595 0.5552941176470588 0.6190476190476191 0.5341176470588235 0.6208112874779541 0.52 0.6384479717813051 0.5164705882352941 0.6490299823633157 0.5188235294117647 0.6613756613756614 0.5388235294117647 0.6596119929453262 0.5588235294117647 0.6331569664902998
0 0.5517647058823529 0.48500881834215165 0.528235294117647 0.48677248677248675 0.48823529411764705 0.5079365079365079 0.5211764705882352 0.5167548500881834 0.5435294117647059 0.5097001763668431 0.5658823529411765 0.49206349206349204 0.5517647058823529 0.48500881834215165
0 0.49058823529411766 0.6243386243386243 0.4929411764705882 0.6402116402116402 0.5070588235294118 0.6313932980599647 0.5047058823529412 0.6225749559082893 0.49058823529411766 0.6243386243386243
0 0.5870588235294117 0.5608465608465608 0.571764705882353 0.5731922398589065 0.5705882352941176 0.5837742504409171 0.5894117647058823 0.5873015873015873 0.6070588235294118 0.564373897707231 0.5870588235294117 0.5608465608465608
0 0.6105882352941177 0.5167548500881834 0.6388235294117647 0.5132275132275133 0.6435294117647059 0.5044091710758377 0.6411764705882353 0.49029982363315694 0.6247058823529412 0.49206349206349204 0.6035294117647059 0.47795414462081126 0.5752941176470588 0.48500881834215165 0.571764705882353 0.48853615520282184 0.5741176470588235 0.4991181657848324 0.5941176470588235 0.5026455026455027 0.6105882352941177 0.5167548500881834
0 0.72 0.5061728395061729 0.7082352941176471 0.4991181657848324 0.6847058823529412 0.5097001763668431 0.6847058823529412 0.5167548500881834 0.7047058823529412 0.5220458553791887 0.7152941176470589 0.5167548500881834 0.72 0.5061728395061729
0 0.6047058823529412 0.7777777777777778 0.5988235294117648 0.7707231040564374 0.5882352941176471 0.7742504409171076 0.5858823529411765 0.7865961199294532 0.5929411764705882 0.7901234567901234 0.6 0.7883597883597884 0.6047058823529412 0.7777777777777778
0 0.6564705882352941 0.7248677248677249 0.6470588235294118 0.7195767195767195 0.6305882352941177 0.7283950617283951 0.6294117647058823 0.7389770723104057 0.6376470588235295 0.7495590828924162 0.6588235294117647 0.7354497354497355 0.6564705882352941 0.7248677248677249
0 0.6964705882352941 0.654320987654321 0.6835294117647058 0.656084656084656 0.6764705882352942 0.6649029982363316 0.6776470588235294 0.6807760141093474 0.7047058823529412 0.6684303350970018 0.7035294117647058 0.6596119929453262 0.6964705882352941 0.654320987654321
0 0.8094117647058824 0.4567901234567901 0.7776470588235294 0.4514991181657848 0.7635294117647059 0.4620811287477954 0.7623529411764706 0.48500881834215165 0.7670588235294118 0.49029982363315694 0.8023529411764706 0.4691358024691358 0.8094117647058824 0.4567901234567901
0 0.7494117647058823 0.36684303350970016 0.7352941176470589 0.37918871252204583 0.7376470588235294 0.3880070546737213 0.7494117647058823 0.3880070546737213 0.7564705882352941 0.37389770723104054 0.7494117647058823 0.36684303350970016
0 0.2788235294117647 0.4656084656084656 0.25529411764705884 0.49382716049382713 0.24705882352941178 0.5114638447971781 0.27058823529411763 0.4973544973544973 0.29411764705882354 0.4585537918871252 0.2788235294117647 0.4656084656084656
0 0.3447058823529412 0.49029982363315694 0.3235294117647059 0.49206349206349204 0.29764705882352943 0.5149911816578483 0.2917647058823529 0.5255731922398589 0.32235294117647056 0.5255731922398589 0.3423529411764706 0.5026455026455027 0.3447058823529412 0.49029982363315694
0 0.2235294117647059 0.5925925925925926 0.20352941176470588 0.6067019400352733 0.20823529411764705 0.6331569664902998 0.2376470588235294 0.6119929453262787 0.24235294117647058 0.5925925925925926 0.2235294117647059 0.5925925925925926
0 0.22941176470588234 0.6772486772486772 0.23647058823529413 0.6825396825396826 0.25058823529411767 0.6649029982363316 0.2411764705882353 0.6613756613756614 0.22941176470588234 0.6772486772486772
0 0.29411764705882354 0.6014109347442681 0.27176470588235296 0.6067019400352733 0.25882352941176473 0.6261022927689595 0.25529411764705884 0.6384479717813051 0.27058823529411763 0.6384479717813051 0.29058823529411765 0.6225749559082893 0.29411764705882354 0.6014109347442681
0 0.32941176470588235 0.4514991181657848 0.31411764705882356 0.4620811287477954 0.3035294117647059 0.47795414462081126 0.3176470588235294 0.47971781305114636 0.3388235294117647 0.455026455026455 0.32941176470588235 0.4514991181657848
0 0.3988235294117647 0.43033509700176364 0.38823529411764707 0.43033509700176364 0.37411764705882355 0.4426807760141093 0.37529411764705883 0.4567901234567901 0.38588235294117645 0.4567901234567901 0.4047058823529412 0.43915343915343913 0.3988235294117647 0.43033509700176364
0 0.42 0.38271604938271603 0.40588235294117647 0.4021164021164021 0.40588235294117647 0.41798941798941797 0.4152941176470588 0.41975308641975306 0.4411764705882353 0.38271604938271603 0.42 0.38271604938271603
0 0.46352941176470586 0.32451499118165783 0.43058823529411766 0.31922398589065254 0.40941176470588236 0.3368606701940035 0.4082352941176471 0.36684303350970016 0.4164705882352941 0.37037037037037035 0.4611764705882353 0.3350970017636684 0.46352941176470586 0.32451499118165783
0 0.5188235294117647 0.36155202821869487 0.5011764705882353 0.35802469135802467 0.48705882352941177 0.37566137566137564 0.4858823529411765 0.38271604938271603 0.5035294117647059 0.38095238095238093 0.5164705882352941 0.37037037037037035 0.5188235294117647 0.36155202821869487
0 0.5835294117647059 0.4462081128747795 0.5694117647058824 0.4426807760141093 0.5517647058823529 0.455026455026455 0.5505882352941176 0.4638447971781305 0.56 0.4691358024691358 0.5811764705882353 0.4603174603174603 0.5835294117647059 0.4462081128747795
0 0.5541176470588235 0.31040564373897706 0.5423529411764706 0.30687830687830686 0.5270588235294118 0.31393298059964725 0.5294117647058824 0.32275132275132273 0.5388235294117647 0.32275132275132273 0.548235294117647 0.32098765432098764 0.5541176470588235 0.31040564373897706
0 0.5858823529411765 0.24691358024691357 0.58 0.2292768959435626 0.54 0.24691358024691357 0.5423529411764706 0.26102292768959434 0.5647058823529412 0.25220458553791886 0.58 0.25396825396825395 0.5858823529411765 0.24691358024691357
0 0.6305882352941177 0.26807760141093473 0.6035294117647059 0.2716049382716049 0.6058823529411764 0.2839506172839506 0.6188235294117647 0.2874779541446208 0.6294117647058823 0.2768959435626102 0.6305882352941177 0.26807760141093473
0 0.971764705882353 0.04938271604938271 0.9576470588235294 0.07231040564373897 0.9576470588235294 0.08112874779541446 0.9811764705882353 0.07231040564373897 0.9870588235294118 0.05114638447971781 0.971764705882353 0.04938271604938271
0 0.888235294117647 0.08641975308641975 0.8835294117647059 0.07054673721340388 0.8564705882352941 0.08465608465608465 0.8541176470588235 0.09347442680776014 0.8611764705882353 0.11992945326278659 0.8764705882352941 0.10758377425044091 0.888235294117647 0.08641975308641975
0 0.6388235294117647 0.42504409171075835 0.6282352941176471 0.43738977072310403 0.6282352941176471 0.4479717813051146 0.64 0.4479717813051146 0.6494117647058824 0.43386243386243384 0.6388235294117647 0.42504409171075835