0 0.7601190476190476 0.12804232804232804 0.7636904761904761 0.1343915343915344 0.7619047619047619 0.14497354497354498 0.781547619047619 0.13544973544973546 0.7851190476190476 0.1365079365079365 0.7863095238095238 0.1439153439153439 0.7773809523809524 0.16825396825396827 0.7672619047619048 0.20846560846560847 0.7696428571428572 0.2201058201058201 0.768452380952381 0.22433862433862434 0.756547619047619 0.24761904761904763 0.7351190476190477 0.308994708994709 0.7232142857142857 0.326984126984127 0.7220238095238095 0.3343915343915344 0.7244047619047619 0.33756613756613757 0.7327380952380952 0.3333333333333333 0.7345238095238096 0.32063492063492066 0.7494047619047619 0.2857142857142857 0.7648809523809523 0.2857142857142857 0.7666666666666667 0.2962962962962963 0.7696428571428572 0.2931216931216931 0.7892857142857143 0.22645502645502646 0.7958333333333333 0.2126984126984127 0.8 0.19047619047619047 0.8005952380952381 0.17072310370370372 0.8077380952380953 0.14179894179894179 0.8214285714285714 0.12380952380952381 0.8303571428571429 0.12275132275132275 0.8339285714285715 0.11216931216931217 0.8345238095238096 0.09947089947089947 0.8297619047619048 0.09206349206349207 0.8178571428571428 0.08783068783068783 0.794047619047619 0.08677248677248678 0.7880952380952381 0.08994708994708994 0.7666666666666667 0.08571428571428572 0.7547619047619047 0.09417989417989418 0.7470238095238095 0.10476190476190476 0.7273809523809524 0.11428571428571428 0.7255952380952381 0.11851851851851852 0.7279761904761904 0.13544973544973546 0.7357142857142858 0.14179894179894179 0.7482142857142857 0.1312169312169312 0.7601190476190476 0.12804232804232804
0 0.6464285714285715 0.3111111111111111 0.6577380952380952 0.29947089947089944 0.6642857142857143 0.25925925925925924 0.6726190476190477 0.2529100529100529 0.6821428571428572 0.2571428571428571 0.6952380952380952 0.24232804232804234 0.7047619047619048 0.23703703703703705 0.7089285714285715 0.2328042328042328 0.7160714285714286 0.20846560846560847 0.7113095238095238 0.2 0.7029761904761904 0.19894179894179895 0.6928571428571428 0.2021164021164021 0.6827380952380953 0.21164021164021163 0.6791666666666667 0.20317460317460317 0.6654761904761904 0.2 0.6440476190476191 0.2105820105820106 0.6446428571428572 0.21587301587301588 0.6505952380952381 0.2201058201058201 0.6494047619047619 0.24338624338624337 0.6517857142857143 0.2571428571428571 0.6375 0.2804232804232804 0.6321428571428571 0.29735449735449737 0.6339285714285714 0.3216931216931217 0.6309523809523809 0.33015873015873015 0.6363095238095238 0.3343915343915344 0.6464285714285715 0.3111111111111111
0 0.6041666666666666 0.24444444444444444 0.6113095238095239 0.24656084656084656 0.6303571428571428 0.2328042328042328 0.6369047619047619 0.2201058201058201 0.6357142857142857 0.21481481481481482 0.6392857142857142 0.2105820105820106 0.6148809523809524 0.20423280423280424 0.6059523809523809 0.21693121693121692 0.5803571428571429 0.22962962962962963 0.5761904761904761 0.23597883597883598 0.580952380952381 0.23703703703703705 0.5955357142857143 0.22857142857142856 0.6041666666666666 0.24444444444444444
0 0.6041666666666666 0.14179894179894179 0.6029761904761904 0.13862433862433862 0.5845238095238096 0.14074074074074075 0.5851190476190476 0.15343915343915343 0.5898809523809524 0.15661375661375662 0.5982142857142857 0.15132275132275133 0.6041666666666666 0.14179894179894179
0 0.6220238095238095 0.14708994708994708 0.6178571428571429 0.14708994708994708 0.6101190476190477 0.1544973544973545 0.6089285714285714 0.16613756613756614 0.6190476190476191 0.1693121693121693 0.6244047619047619 0.15343915343915343 0.6220238095238095 0.14708994708994708
0 0.6642857142857143 0.17989417989417988 0.6755952380952381 0.16296296296296298 0.6791666666666667 0.15026455026455027 0.6726190476190477 0.14285714285714285 0.6648809523809524 0.14603174603174604 0.6589285714285714 0.1544973544973545 0.6625 0.17354497354497356 0.6595238095238095 0.18835978835978837 0.6619047619047619 0.18835978835978837 0.6642857142857143 0.17989417989417988
0 0.7267857142857143 0.05925925925925926 0.7244047619047619 0.050793650793650794 0.7125 0.04867724867724868 0.7011904761904761 0.05396825396825397 0.6970238095238095 0.0656084656084656 0.6970238095238095 0.07195767195767196 0.7 0.07513227513227513 0.7166666666666667 0.0761904761904762 0.7267857142857143 0.05925925925925926
0 0.7982142857142858 0.044444444444444446 0.7952380952380952 0.04021164021164021 0.7833333333333333 0.039153439153439155 0.7714285714285715 0.04867724867724868 0.7726190476190476 0.0582010582010582 0.7857142857142857 0.06243386243386243 0.7958333333333333 0.05502645502645503 0.7982142857142858 0.044444444444444446
0 0.8517857142857143 0.1544973544973545 0.8511904761904762 0.14603174603174604 0.8476190476190476 0.14285714285714285 0.8392857142857143 0.14497354497354498 0.8351190476190476 0.15132275132275133 0.8351190476190476 0.15978835978835979 0.8416666666666667 0.1693121693121693 0.8488095238095238 0.16613756613756614 0.8517857142857143 0.1544973544973545
0 0.9005952380952381 0.12169312169312169 0.8964285714285715 0.1164021164021164 0.8892857142857142 0.11534391534391535 0.881547619047619 0.12698412698412698 0.8809523809523809 0.1343915343915344 0.888095238095238 0.13756613756613756 0.8988095238095238 0.13015873015873017 0.9005952380952381 0.12169312169312169
0 0.6333333333333333 0.49947089947089945 0.6416666666666667 0.4984126984126984 0.6458333333333334 0.48677248677248675 0.6547619047619048 0.48677248677248675 0.6577380952380952 0.49206349206349204 0.6660714285714285 0.4888888888888889 0.6696428571428571 0.49417989417989416 0.6708333333333333 0.4888888888888889 0.6815476190476191 0.4846560846560847 0.6964285714285714 0.4666666666666667 0.7047619047619048 0.4444444444444444 0.7279761904761904 0.4211640211640212 0.7321428571428571 0.4211640211640212 0.7351190476190477 0.4126984126984127 0.7452380952380953 0.4031746031746032 0.7601190476190476 0.39576719576719577 0.7488095238095238 0.39470899470899473 0.7410714285714286 0.3798941798941799 0.7291666666666666 0.38412698412698415 0.7214285714285714 0.37777777777777777 0.7041666666666667 0.37883597883597886 0.6815476190476191 0.4 0.6839285714285714 0.4042328042328042 0.6755952380952381 0.4253968253968254 0.655952380952381 0.44656084656084655 0.6357142857142857 0.45714285714285713 0.6452380952380953 0.4613756613756614 0.643452380952381 0.4783068783068783 0.6345238095238095 0.491005291005291 0.6333333333333333 0.49947089947089945
0 0.6886904761904762 0.362962962962963 0.6863095238095238 0.3576719576719577 0.680952380952381 0.3576719576719577 0.674404761904762 0.36507936507936506 0.675 0.37354497354497357 0.680952380952381 0.37566137566137564 0.6869047619047619 0.37142857142857144 0.6886904761904762 0.362962962962963
0 0.680952380952381 0.29735449735449737 0.6857142857142857 0.2867724867724868 0.6827380952380953 0.2783068783068783 0.6732142857142858 0.2804232804232804 0.6684523809523809 0.28888888888888886 0.6684523809523809 0.29417989417989415 0.6720238095238096 0.29947089947089944 0.680952380952381 0.29735449735449737
0 0.7517857142857143 0.21904761904761905 0.7464285714285714 0.2126984126984127 0.7386904761904762 0.2126984126984127 0.7244047619047619 0.22857142857142856 0.7244047619047619 0.24126984126984127 0.7398809523809524 0.2402116402116402 0.7482142857142857 0.23492063492063492 0.7517857142857143 0.21904761904761905
0 0.6934523809523809 0.5047619047619047 0.6726190476190477 0.49523809523809526 0.6642857142857143 0.4973544973544973 0.6553571428571429 0.5058201058201058 0.6553571428571429 0.5174603174603175 0.6583333333333333 0.5227513227513227 0.669047619047619 0.5248677248677248 0.6934523809523809 0.5047619047619047
0 0.6779761904761905 0.5830687830687831 0.6720238095238096 0.5851851851851851 0.6702380952380952 0.5883597883597883 0.6714285714285714 0.5947089947089947 0.6785714285714286 0.5915343915343916 0.6779761904761905 0.5830687830687831
0 0.7101190476190476 0.5026455026455027 0.7071428571428572 0.4984126984126984 0.7 0.5015873015873016 0.6988095238095238 0.508994708994709 0.7029761904761904 0.5132275132275133 0.7065476190476191 0.5121693121693122 0.7101190476190476 0.5026455026455027
0 0.7690476190476191 0.4783068783068783 0.7696428571428572 0.4677248677248677 0.7672619047619048 0.4613756613756614 0.7613095238095238 0.4613756613756614 0.7553571428571428 0.4677248677248677 0.7523809523809524 0.4804232804232804 0.7559523809523809 0.4846560846560847 0.7660714285714286 0.4835978835978836 0.7690476190476191 0.4783068783068783
0 0.8720238095238095 0.6095238095238096 0.8791666666666667 0.5989417989417989 0.8886904761904761 0.6 0.8910714285714286 0.5936507936507937 0.8964285714285715 0.5947089947089947 0.9041666666666667 0.6084656084656085 0.9077380952380952 0.6021164021164022 0.9077380952380952 0.5714285714285714 0.9053571428571429 0.5597883597883598 0.8898809523809523 0.5470899470899471 0.8761904761904762 0.5470899470899471 0.8613095238095239 0.5566137566137566 0.8559523809523809 0.5671957671957671 0.8553571428571428 0.5851851851851851 0.8488095238095238 0.6095238095238096 0.8488095238095238 0.6243386243386243 0.8529761904761904 0.6264550264550265 0.8607142857142858 0.6116402116402117 0.8720238095238095 0.6095238095238096
0 0.6523809523809524 0.7005291005291006 0.6482142857142857 0.7058201058201058 0.65 0.7111111111111111 0.6464285714285715 0.728042328042328 0.6648809523809524 0.7206349206349206 0.6684523809523809 0.708994708994709 0.6869047619047619 0.6793650793650794 0.7023809523809523 0.6783068783068783 0.7047619047619048 0.6835978835978836 0.7178571428571429 0.6624338624338625 0.7428571428571429 0.6888888888888889 0.7410714285714286 0.7238095238095238 0.7458333333333333 0.7470899470899471 0.7494047619047619 0.7481481481481481 0.7458333333333333 0.7216931216931217 0.7505952380952381 0.7058201058201058 0.7553571428571428 0.7047619047619048 0.7535714285714286 0.6941798941798942 0.7202380952380952 0.6582010582010582 0.7226190476190476 0.6507936507936508 0.7214285714285714 0.6338624338624339 0.7244047619047619 0.6243386243386243 0.7410714285714286 0.6190476190476191 0.7053571428571429 0.6063492063492063 0.6904761904761905 0.6084656084656085 0.6821428571428572 0.6201058201058202 0.6732142857142858 0.6211640211640211 0.6702380952380952 0.6285714285714286 0.6607142857142857 0.6349206349206349 0.6464285714285715 0.653968253968254 0.6458333333333334 0.6592592592592592 0.6422619047619048 0.6613756613756614 0.655952380952381 0.6846560846560846 0.6523809523809524 0.7005291005291006
0 0.5857142857142857 0.3798941798941799 0.5797619047619048 0.382010582010582 0.5738095238095238 0.41693121693121693 0.5482142857142858 0.4253968253968254 0.5190476190476191 0.4613756613756614 0.49642857142857144 0.48148148148148145 0.5041666666666667 0.4804232804232804 0.544047619047619 0.564021164021164 0.5327380952380952 0.5851851851851851 0.5327380952380952 0.5904761904761905 0.5380952380952381 0.5862433862433862 0.5404761904761904 0.5894179894179894 0.5446428571428571 0.6042328042328042 0.5369047619047619 0.6328042328042328 0.5386904761904762 0.656084656084656 0.5327380952380952 0.6687830687830688 0.531547619047619 0.6793650793650794 0.5422619047619047 0.6550264550264551 0.5571428571428572 0.5936507936507937 0.575595238095238 0.564021164021164 0.5761904761904761 0.5566137566137566 0.5732142857142857 0.5502645502645502 0.5803571428571429 0.5195767195767196 0.6029761904761904 0.491005291005291 0.6029761904761904 0.4857142857142857 0.6113095238095239 0.4793650793650794 0.6160714285714286 0.4687830687830688 0.6220238095238095 0.4634920634920635 0.6339285714285714 0.4380952380952381 0.6428571428571429 0.43703703703703706 0.6476190476190476 0.4275132275132275 0.6601190476190476 0.41693121693121693 0.6547619047619048 0.39894179894179893 0.6619047619047619 0.38941798941798944 0.6535714285714286 0.37671957671957673 0.6553571428571429 0.34814814814814815 0.6309523809523809 0.3333333333333333 0.6220238095238095 0.3322751322751323 0.5875 0.3502645502645503 0.5833333333333334 0.36084656084656086 0.5833333333333334 0.3671957671957672 0.5875 0.37142857142857144 0.5857142857142857 0.3798941798941799
0 0.4017857142857143 0.5280423280423281 0.4101190476190476 0.5259259259259259 0.4142857142857143 0.5132275132275133 0.4238095238095238 0.4984126984126984 0.42797619047619045 0.49417989417989416 0.4357142857142857 0.4973544973544973 0.4380952380952381 0.48148148148148145 0.44285714285714284 0.4793650793650794 0.44642857142857145 0.47195767195767196 0.45476190476190476 0.4666666666666667 0.4625 0.4687830687830688 0.4720238095238095 0.4624338624338624 0.48928571428571427 0.45925925925925926 0.49642857142857144 0.4433862433862434 0.49464285714285716 0.42328042328042326 0.4875 0.41798941798941797 0.46726190476190477 0.4264550264550265 0.4357142857142857 0.42328042328042326 0.43154761904761907 0.41798941798941797 0.43273809523809526 0.4264550264550265 0.42857142857142855 0.4306878306878307 0.41964285714285715 0.4306878306878307 0.42142857142857143 0.43492063492063493 0.4113095238095238 0.4507936507936508 0.4011904761904762 0.4962962962962963 0.3958333333333333 0.5058201058201058 0.3880952380952381 0.5354497354497354 0.3875 0.544973544973545 0.39345238095238094 0.544973544973545 0.4005952380952381 0.5354497354497354 0.4017857142857143 0.5280423280423281
0 0.2839285714285714 0.562962962962963 0.28095238095238095 0.5703703703703704 0.28214285714285714 0.5767195767195767 0.2916666666666667 0.5682539682539682 0.2970238095238095 0.5566137566137566 0.30714285714285716 0.5523809523809524 0.3142857142857143 0.5333333333333333 0.3261904761904762 0.5301587301587302 0.34404761904761905 0.5005291005291005 0.35892857142857143 0.48677248677248675 0.3630952380952381 0.473015873015873 0.3732142857142857 0.4677248677248677 0.375 0.4624338624338624 0.35 0.45185185185185184 0.3416666666666667 0.45396825396825397 0.31666666666666665 0.4931216931216931 0.30952380952380953 0.4857142857142857 0.30178571428571427 0.48783068783068784 0.2904761904761905 0.5047619047619047 0.2922619047619048 0.5142857142857142 0.2863095238095238 0.5280423280423281 0.2869047619047619 0.5312169312169313 0.2922619047619048 0.5291005291005291 0.2976190476190476 0.5470899470899471 0.2839285714285714 0.562962962962963
0 0.27380952380952384 0.7238095238095238 0.29642857142857143 0.6867724867724868 0.3148809523809524 0.6656084656084656 0.32083333333333336 0.6656084656084656 0.325 0.6708994708994709 0.3255952380952381 0.6962962962962963 0.33035714285714285 0.638095238095238 0.3339285714285714 0.6253968253968254 0.34285714285714286 0.6105820105820106 0.3404761904761905 0.5978835978835979 0.3255952380952381 0.5904761904761905 0.30178571428571427 0.5989417989417989 0.2708333333333333 0.638095238095238 0.2708333333333333 0.6455026455026455 0.275 0.6550264550264551 0.2755952380952381 0.6698412698412698 0.2369047619047619 0.7481481481481481 0.2357142857142857 0.7597883597883598 0.25892857142857145 0.7619047619047619 0.26726190476190476 0.7354497354497355 0.27380952380952384 0.7238095238095238
0 0.36904761904761907 0.7661375661375661 0.3732142857142857 0.7513227513227513 0.38452380952380955 0.7417989417989418 0.3875 0.7333333333333333 0.3880952380952381 0.7248677248677249 0.38452380952380955 0.7164021164021164 0.3744047619047619 0.71005291005291 0.3619047619047619 0.7164021164021164 0.35714285714285715 0.7132275132275132 0.3523809523809524 0.7164021164021164 0.3494047619047619 0.7481481481481481 0.35892857142857143 0.7619047619047619 0.3607142857142857 0.7693121693121693 0.36904761904761907 0.7661375661375661
0 0.48988095238095236 0.7206349206349206 0.49464285714285716 0.7227513227513227 0.49404761904761907 0.7523809523809524 0.49642857142857144 0.7428571428571429 0.5059523809523809 0.7396825396825397 0.5083333333333333 0.725925925925926 0.5142857142857142 0.7121693121693121 0.5160714285714286 0.68994708994709 0.5214285714285715 0.6751322751322751 0.5244047619047619 0.6465608465608466 0.513095238095238 0.6444444444444445 0.4880952380952381 0.6666666666666666 0.4708333333333333 0.708994708994709 0.475 0.7111111111111111 0.4779761904761905 0.7301587301587301 0.48988095238095236 0.7206349206349206
0 0.5565476190476191 0.762962962962963 0.5595238095238095 0.7703703703703704 0.5678571428571428 0.7767195767195767 0.5785714285714286 0.765079365079365 0.5821428571428572 0.7555555555555555 0.6011904761904762 0.7428571428571429 0.6 0.725925925925926 0.5952380952380952 0.7174603174603175 0.5779761904761904 0.7111111111111111 0.5613095238095238 0.6867724867724868 0.5601190476190476 0.6793650793650794 0.5553571428571429 0.6783068783068783 0.5505952380952381 0.6846560846560846 0.5488095238095239 0.6941798941798942 0.5541666666666667 0.7015873015873015 0.5642857142857143 0.7375661375661375 0.5565476190476191 0.762962962962963
0 0.7976190476190477 0.8539682539682539 0.7952380952380952 0.8402116402116402 0.7892857142857143 0.834920634920635 0.781547619047619 0.834920634920635 0.7738095238095238 0.8476190476190476 0.7744047619047619 0.8613756613756614 0.7821428571428571 0.8772486772486773 0.7910714285714285 0.8719576719576719 0.7976190476190477 0.8539682539682539
0 0.8244047619047619 0.8264550264550264 0.825595238095238 0.8476190476190476 0.8416666666666667 0.8412698412698413 0.8458333333333333 0.8116402116402116 0.844047619047619 0.7862433862433862 0.8416666666666667 0.783068783068783 0.8202380952380952 0.7851851851851852 0.8184523809523809 0.7904761904761904 0.825 0.7947089947089947 0.8267857142857142 0.801058201058201 0.8244047619047619 0.8264550264550264
0 0.9071428571428571 0.8476190476190476 0.9071428571428571 0.8571428571428571 0.9196428571428571 0.8687830687830688 0.9196428571428571 0.852910052910053 0.9255952380952381 0.8148148148148148 0.925 0.798941798941799 0.9202380952380952 0.7915343915343915 0.9053571428571429 0.7947089947089947 0.906547619047619 0.8116402116402116 0.9130952380952381 0.834920634920635 0.9130952380952381 0.8412698412698413 0.9071428571428571 0.8476190476190476
0 0.9613095238095238 0.8920634920634921 0.9619047619047619 0.8867724867724868 0.9565476190476191 0.8751322751322751 0.9458333333333333 0.8740740740740741 0.9434523809523809 0.8772486772486773 0.9428571428571428 0.8878306878306879 0.9470238095238095 0.9005291005291005 0.9541666666666667 0.9005291005291005 0.9613095238095238 0.8920634920634921
0 0.5160714285714286 0.9767195767195768 0.5196428571428572 0.9682539682539683 0.5244047619047619 0.9650793650793651 0.5345238095238095 0.964021164021164 0.530952380952381 0.9566137566137566 0.5303571428571429 0.946031746031746 0.5255952380952381 0.9396825396825397 0.5172619047619048 0.9365079365079365 0.49702380952380953 0.9544973544973545 0.49523809523809526 0.9587301587301588 0.4976190476190476 0.9703703703703703 0.5047619047619047 0.9798941798941799 0.5160714285714286 0.9767195767195768
0 0.17916666666666667 0.783068783068783 0.1738095238095238 0.7798941798941799 0.16904761904761906 0.7841269841269841 0.16547619047619047 0.8021164021164021 0.1738095238095238 0.8021164021164021 0.18035714285714285 0.7883597883597884 0.17916666666666667 0.783068783068783
0 0.20238095238095238 0.7227513227513227 0.19107142857142856 0.7195767195767195 0.1738095238095238 0.7322751322751323 0.17023809523809524 0.7386243386243386 0.1732142857142857 0.7566137566137566 0.1976190476190476 0.7492063492063492 0.20238095238095238 0.7396825396825397 0.20238095238095238 0.7227513227513227
0 0.2261904761904762 0.7333333333333333 0.24226190476190476 0.707936507936508 0.24523809523809523 0.6941798941798942 0.24107142857142858 0.6888888888888889 0.23214285714285715 0.692063492063492 0.2226190476190476 0.7005291005291006 0.21666666666666667 0.7121693121693121 0.21428571428571427 0.7523809523809524 0.21607142857142858 0.7566137566137566 0.22083333333333333 0.7523809523809524 0.2261904761904762 0.7333333333333333
0 0.22797619047619047 0.6253968253968254 0.2220238095238095 0.6232804232804233 0.21666666666666667 0.6264550264550265 0.21011904761904762 0.6423280423280423 0.21011904761904762 0.6507936507936508 0.21666666666666667 0.6497354497354497 0.22797619047619047 0.6349206349206349 0.22797619047619047 0.6253968253968254
0 0.05178571428571429 0.8211640211640212 0.04345238095238095 0.8338624338624339 0.07916666666666666 0.8412698412698413 0.07738095238095238 0.8264550264550264 0.05178571428571429 0.8211640211640212
0 0.5482142857142858 0.29417989417989415 0.5488095238095239 0.2698412698412698 0.5470238095238096 0.2677248677248677 0.5345238095238095 0.26455026455026454 0.5202380952380953 0.2751322751322751 0.5148809523809523 0.28994708994708995 0.5148809523809523 0.29735449735449737 0.5202380952380953 0.3100529100529101 0.5482142857142858 0.29417989417989415
0 0.40773809523809523 0.39470899470899473 0.4154761904761905 0.3671957671957672 0.4142857142857143 0.36084656084656086 0.40773809523809523 0.35978835978835977 0.3886904761904762 0.37566137566137564 0.38095238095238093 0.4042328042328042 0.4005952380952381 0.4 0.4041666666666667 0.39365079365079364 0.40773809523809523 0.39470899470899473
0 0.40535714285714286 0.34074074074074073 0.3958333333333333 0.3386243386243386 0.3892857142857143 0.34814814814814815 0.3886904761904762 0.3566137566137566 0.39404761904761904 0.36084656084656086 0.4023809523809524 0.3523809523809524 0.40535714285714286 0.34074074074074073
0 0.37976190476190474 0.20846560846560847 0.37083333333333335 0.2105820105820106 0.3630952380952381 0.22433862433862434 0.3672619047619048 0.2402116402116402 0.37142857142857144 0.24126984126984127 0.3821428571428571 0.2126984126984127 0.37976190476190474 0.20846560846560847
0 0.5136904761904761 0.21587301587301588 0.5422619047619047 0.1544973544973545 0.5422619047619047 0.1343915343915344 0.5333333333333333 0.13227513227513227 0.518452380952381 0.13862433862433862 0.4988095238095238 0.1544973544973545 0.48988095238095236 0.15343915343915343 0.4738095238095238 0.17566137566137566 0.46904761904761905 0.19365079365079366 0.493452380952381 0.1873015873015873 0.5089285714285714 0.21693121693121692 0.5136904761904761 0.21587301587301588
0 0.6476190476190476 0.12380952380952381 0.6553571428571429 0.11534391534391535 0.655952380952381 0.10687830687830688 0.6541666666666667 0.10264550264550265 0.6422619047619048 0.09735449735449736 0.6398809523809523 0.10476190476190476 0.631547619047619 0.10899470899470899 0.6255952380952381 0.11746031746031746 0.625 0.12698412698412698 0.6273809523809524 0.1291005291005291 0.6458333333333334 0.13227513227513227 0.6476190476190476 0.12380952380952381
0 0.6345238095238095 0.5989417989417989 0.6261904761904762 0.5873015873015873 0.6166666666666667 0.5873015873015873 0.6083333333333333 0.6105820105820106 0.6154761904761905 0.6190476190476191 0.6267857142857143 0.6169312169312169 0.6345238095238095 0.5989417989417989
0 0.9994047619047619 0.32592592592592595 0.9910714285714286 0.32592592592592595 0.986904761904762 0.3322751322751323 0.9863095238095239 0.33756613756613757 0.9898809523809524 0.344973544973545 0.9994047619047619 0.3439153439153439 0.9994047619047619 0.32592592592592595
0 0.7934523809523809 0.3333333333333333 0.7922619047619047 0.2708994708994709 0.7904761904761904 0.2687830687830688 0.7869047619047619 0.2740740740740741 0.7833333333333333 0.2984126984126984 0.7880952380952381 0.3111111111111111 0.780952380952381 0.3386243386243386 0.7880952380952381 0.34074074074074073 0.7934523809523809 0.3333333333333333
0 0.8202380952380952 0.2740740740740741 0.8220238095238095 0.26455026455026454 0.8119047619047619 0.25502645502645505 0.8160714285714286 0.24761904761904763 0.8095238095238095 0.24444444444444444 0.8077380952380953 0.24761904761904763 0.8089285714285714 0.2740740740740741 0.8113095238095238 0.27724867724867724 0.8202380952380952 0.2740740740740741
0 0.42797619047619045 0.3100529100529101 0.4244047619047619 0.30687830687830686 0.42023809523809524 0.308994708994709 0.41369047619047616 0.32063492063492066 0.4148809523809524 0.328042328042328 0.42142857142857143 0.328042328042328 0.42738095238095236 0.31957671957671957 0.42797619047619045 0.3100529100529101
0 0.4369047619047619 0.1693121693121693 0.4357142857142857 0.1619047619047619 0.42797619047619045 0.164021164021164 0.4255952380952381 0.16825396825396827 0.42678571428571427 0.17566137566137566 0.43214285714285716 0.17566137566137566 0.4369047619047619 0.1693121693121693
0 0.4083333333333333 0.725925925925926 0.4244047619047619 0.7068783068783069 0.43452380952380953 0.6867724867724868 0.45 0.6772486772486772 0.45476190476190476 0.6793650793650794 0.4726190476190476 0.6592592592592592 0.4791666666666667 0.6423280423280423 0.4785714285714286 0.6296296296296297 0.4642857142857143 0.6201058201058202 0.4446428571428571 0.6349206349206349 0.4369047619047619 0.6518518518518519 0.43452380952380953 0.6666666666666666 0.42738095238095236 0.6730158730158731 0.42797619047619045 0.6793650793650794 0.4226190476190476 0.6846560846560846 0.4172619047619048 0.7005291005291006 0.37916666666666665 0.7597883597883598 0.37797619047619047 0.764021164021164 0.381547619047619 0.765079365079365 0.3904761904761905 0.7555555555555555 0.4083333333333333 0.725925925925926
0 0.9089285714285714 0.7343915343915344 0.9101190476190476 0.7142857142857143 0.9029761904761905 0.71005291005291 0.8964285714285715 0.7174603174603175 0.8964285714285715 0.725925925925926 0.9 0.7322751322751323 0.9041666666666667 0.7365079365079366 0.9089285714285714 0.7343915343915344
0 0.6107142857142858 0.6878306878306878 0.6077380952380952 0.6825396825396826 0.6011904761904762 0.6857142857142857 0.5994047619047619 0.6962962962962963 0.6041666666666666 0.7047619047619048 0.6095238095238096 0.6962962962962963 0.6107142857142858 0.6878306878306878
0 0.4160714285714286 0.6031746031746031 0.4101190476190476 0.6010582010582011 0.40535714285714286 0.6074074074074074 0.40476190476190477 0.6148148148148148 0.4089285714285714 0.6169312169312169 0.4148809523809524 0.6105820105820106 0.4160714285714286 0.6031746031746031
0 0.2875 0.33756613756613757 0.2869047619047619 0.3322751322751323 0.2839285714285714 0.33121693121693124 0.2773809523809524 0.33650793650793653 0.2755952380952381 0.34285714285714286 0.2773809523809524 0.3492063492063492 0.2851190476190476 0.344973544973545 0.2875 0.33756613756613757
0 0.2654761904761905 0.5915343915343916 0.26904761904761904 0.5746031746031746 0.26726190476190476 0.5724867724867725 0.24702380952380953 0.6116402116402117 0.24583333333333332 0.6148148148148148 0.24821428571428572 0.6169312169312169 0.25952380952380955 0.6031746031746031 0.2654761904761905 0.5915343915343916
0 0.9797619047619047 0.6772486772486772 0.975 0.6825396825396826 0.9767857142857143 0.6962962962962963 0.9863095238095239 0.6962962962962963 0.9851190476190477 0.6804232804232804 0.9797619047619047 0.6772486772486772
0 0.7976190476190477 0.4613756613756614 0.7928571428571428 0.45925925925925926 0.7886904761904762 0.46455026455026455 0.7880952380952381 0.4708994708994709 0.7910714285714285 0.47619047619047616 0.7976190476190477 0.4740740740740741 0.7976190476190477 0.4613756613756614