0 0.321875 0.9070749736008448 0.31796875 0.9060190073917634 0.31015625 0.9123548046462513 0.31171875 0.9239704329461457 0.321875 0.9239704329461457 0.32578125 0.9186906019007391 0.321875 0.9070749736008448
0 0.3109375 0.8954593453009504 0.3109375 0.8901795142555439 0.30546875 0.8891235480464625 0.30234375 0.8912354804646251 0.30234375 0.8975712777191129 0.30625 0.8996832101372756 0.3109375 0.8954593453009504
0 0.35703125 0.8785638859556494 0.3453125 0.8817317845828934 0.34453125 0.8891235480464625 0.34765625 0.8933474128827877 0.359375 0.8880675818373812 0.35703125 0.8785638859556494
0 0.365625 0.8437170010559663 0.353125 0.8447729672650475 0.34765625 0.8511087645195353 0.346875 0.8627243928194298 0.3546875 0.8680042238648363 0.3796875 0.8606124604012672 0.365625 0.8437170010559663
0 0.40859375 0.9429778247096093 0.40546875 0.9345300950369588 0.3875 0.9376979936642027 0.3734375 0.9271383315733897 0.3640625 0.9292502639915523 0.353125 0.9408658922914467 0.353125 0.9482576557550159 0.3640625 0.9609292502639916 0.38515625 0.9598732840549102 0.40859375 0.9429778247096093
0 0.58046875 0.9767687434002112 0.58828125 0.9503695881731784 0.6015625 0.938753959873284 0.603125 0.9271383315733897 0.5875 0.9017951425554382 0.56875 0.9081309398099261 0.57109375 0.9334741288278775 0.5828125 0.9482576557550159 0.57890625 0.9640971488912354 0.58046875 0.9767687434002112
0 0.21796875 0.9197465681098205 0.21171875 0.9134107708553326 0.2015625 0.9239704329461457 0.2015625 0.9324181626187962 0.209375 0.9355860612460402 0.2171875 0.9260823653643083 0.21796875 0.9197465681098205
0 0.140625 0.9429778247096093 0.1421875 0.9229144667370645 0.13125 0.9239704329461457 0.12109375 0.9450897571277719 0.1140625 0.9809926082365364 0.11484375 0.9989440337909187 0.11640625 0.9841605068637803 0.140625 0.9429778247096093
0 0.11640625 0.9060190073917634 0.1109375 0.914466737064414 0.1109375 0.9239704329461457 0.11640625 0.9229144667370645 0.12109375 0.9070749736008448 0.11640625 0.9060190073917634
0 0.175 0.8183738120380147 0.17265625 0.8215417106652587 0.17734375 0.8299894403379092 0.1828125 0.8204857444561774 0.175 0.8183738120380147
0 0.18515625 0.7983104540654699 0.17890625 0.8004223864836325 0.178125 0.8078141499472017 0.1828125 0.8078141499472017 0.1859375 0.8025343189017952 0.18515625 0.7983104540654699
0 0.25546875 0.805702217529039 0.25625 0.795142555438226 0.240625 0.7930306230200633 0.228125 0.8067581837381204 0.22578125 0.8099260823653643 0.228125 0.8162618796198522 0.24765625 0.8120380147835269 0.25546875 0.805702217529039
0 0.26875 0.8627243928194298 0.2671875 0.870116156282999 0.27734375 0.8690601900739177 0.27578125 0.8616684266103485 0.26875 0.8627243928194298
0 0.2015625 0.7518479408658922 0.184375 0.7529039070749736 0.1765625 0.7581837381203802 0.178125 0.7676874340021119 0.1859375 0.7687434002111933 0.19921875 0.7592397043294614 0.2015625 0.7518479408658922
0 0.53359375 0.8278775079197466 0.5296875 0.8194297782470961 0.51640625 0.8215417106652587 0.515625 0.8268215417106652 0.5203125 0.8331573389651531 0.52890625 0.8331573389651531 0.53359375 0.8278775079197466
0 0.553125 0.870116156282999 0.546875 0.8711721224920802 0.54453125 0.8743400211193242 0.54609375 0.8785638859556494 0.55625 0.877507919746568 0.553125 0.870116156282999
0 0.565625 0.8574445617740233 0.559375 0.8606124604012672 0.5578125 0.8680042238648363 0.5625 0.8711721224920802 0.57265625 0.8648363252375924 0.565625 0.8574445617740233
0 0.596875 0.8732840549102429 0.5953125 0.880675818373812 0.60703125 0.880675818373812 0.60546875 0.8743400211193242 0.596875 0.8732840549102429
0 0.615625 0.856388595564942 0.6 0.8574445617740233 0.59921875 0.8606124604012672 0.61015625 0.8711721224920802 0.62109375 0.8648363252375924 0.615625 0.856388595564942
0 0.465625 0.7898627243928195 0.46640625 0.8004223864836325 0.478125 0.7993664202745512 0.4765625 0.7909186906019008 0.465625 0.7898627243928195
0 0.4421875 0.9155227032734953 0.4359375 0.9102428722280888 0.425 0.9176346356916578 0.428125 0.9292502639915523 0.4390625 0.928194297782471 0.4421875 0.9208025343189018 0.4421875 0.9155227032734953
0 0.390625 0.9007391763463569 0.3921875 0.9091869060190074 0.4 0.9049630411826821 0.39609375 0.8986272439281943 0.390625 0.9007391763463569
0 0.46328125 0.9704329461457233 0.46171875 0.9662090813093981 0.4546875 0.9651531151003168 0.45390625 0.9788806758183738 0.45703125 0.986272439281943 0.4625 0.9873284054910243 0.46328125 0.9704329461457233
0 0.459375 0.9398099260823654 0.45703125 0.9355860612460402 0.44921875 0.9366420274551215 0.446875 0.938753959873284 0.44921875 0.9472016895459345 0.45625 0.9450897571277719 0.459375 0.9398099260823654
0 0.665625 0.9060190073917634 0.66015625 0.9007391763463569 0.65546875 0.9028511087645196 0.6546875 0.9176346356916578 0.66171875 0.9271383315733897 0.665625 0.9218585005279831 0.665625 0.9060190073917634
0 0.6984375 0.8342133051742344 0.690625 0.8352692713833157 0.68828125 0.8426610348468849 0.6921875 0.8479408658922915 0.70390625 0.8405491024287223 0.6984375 0.8342133051742344
0 0.6796875 0.7550158394931362 0.6765625 0.7592397043294614 0.68125 0.7634635691657867 0.6875 0.7592397043294614 0.6796875 0.7550158394931362
0 0.715625 0.7180570221752904 0.71875 0.7254487856388595 0.72734375 0.7243928194297783 0.725 0.7180570221752904 0.715625 0.7180570221752904
0 0.7515625 0.7106652587117213 0.7453125 0.7001055966209081 0.72890625 0.7011615628299894 0.72890625 0.7085533262935586 0.734375 0.7127771911298838 0.7453125 0.7148891235480465 0.7515625 0.7106652587117213
0 0.5484375 0.7803590285110876 0.54453125 0.7793030623020063 0.53359375 0.7824709609292503 0.534375 0.7898627243928195 0.540625 0.791974656810982 0.5484375 0.7845828933474129 0.5484375 0.7803590285110876
0 0.60390625 0.791974656810982 0.59765625 0.7845828933474129 0.58984375 0.7866948257655755 0.58828125 0.7909186906019008 0.59375 0.7961985216473073 0.60078125 0.7961985216473073 0.60390625 0.791974656810982
0 0.53359375 0.7529039070749736 0.53203125 0.7592397043294614 0.5421875 0.7581837381203802 0.53984375 0.7518479408658922 0.53359375 0.7529039070749736
0 0.60390625 0.7159450897571278 0.59140625 0.7180570221752904 0.590625 0.7243928194297783 0.5984375 0.7296726504751848 0.6109375 0.7243928194297783 0.60390625 0.7159450897571278
0 0.7703125 0.7961985216473073 0.759375 0.7898627243928195 0.7515625 0.8004223864836325 0.75546875 0.808870116156283 0.76171875 0.8099260823653643 0.7734375 0.8035902851108765 0.7703125 0.7961985216473073
0 0.7640625 0.7402323125659979 0.75390625 0.7391763463569165 0.75234375 0.7434002111932418 0.75546875 0.7497360084477297 0.76796875 0.747624076029567 0.7640625 0.7402323125659979
0 0.828125 0.808870116156283 0.82421875 0.7993664202745512 0.81796875 0.795142555438226 0.81796875 0.805702217529039 0.8234375 0.8152059134107709 0.82734375 0.8152059134107709 0.828125 0.808870116156283
0 0.83359375 0.7771911298838438 0.83515625 0.7930306230200633 0.8421875 0.795142555438226 0.8421875 0.7856388595564942 0.83359375 0.7771911298838438
0 0.7046875 0.6705385427666315 0.7015625 0.6747624076029567 0.70859375 0.6779303062302007 0.71015625 0.6737064413938754 0.7046875 0.6705385427666315
0 0.75 0.648363252375924 0.74140625 0.6473072861668426 0.73984375 0.6504751847940866 0.74296875 0.6536430834213305 0.75234375 0.6536430834213305 0.75 0.648363252375924
0 0.77890625 0.6525871172122492 0.76953125 0.6525871172122492 0.76953125 0.6568109820485745 0.77421875 0.6599788806758183 0.78203125 0.6578669482576558 0.77890625 0.6525871172122492
0 0.621875 0.6599788806758183 0.6234375 0.6494192185850053 0.61640625 0.6420274551214361 0.603125 0.6473072861668426 0.5984375 0.6546990496304118 0.6015625 0.662090813093981 0.615625 0.665258711721225 0.621875 0.6599788806758183
0 0.646875 0.675818373812038 0.640625 0.6779303062302007 0.63984375 0.6810982048574445 0.6453125 0.6842661034846885 0.6515625 0.6810982048574445 0.646875 0.675818373812038
0 0.628125 0.6800422386483632 0.628125 0.6832101372756072 0.634375 0.6853220696937699 0.63359375 0.6789862724392819 0.628125 0.6800422386483632
0 0.64609375 0.6346356916578669 0.63671875 0.6356916578669483 0.63359375 0.6388595564941922 0.64140625 0.6462513199577613 0.65234375 0.6420274551214361 0.64609375 0.6346356916578669
0 0.84296875 0.604012671594509 0.84453125 0.6103484688489969 0.85625 0.6103484688489969 0.853125 0.604012671594509 0.84296875 0.604012671594509
0 0.3703125 0.7687434002111933 0.36953125 0.7750791974656811 0.37890625 0.7729672650475184 0.37734375 0.7676874340021119 0.3703125 0.7687434002111933
0 0.43515625 0.7687434002111933 0.41640625 0.7740232312565998 0.4125 0.7824709609292503 0.421875 0.7866948257655755 0.4328125 0.7771911298838438 0.43515625 0.7687434002111933
0 0.5078125 0.7180570221752904 0.51328125 0.7127771911298838 0.50546875 0.7106652587117213 0.5078125 0.7180570221752904
0 0.50546875 0.6948257655755016 0.5046875 0.7022175290390708 0.5140625 0.7011615628299894 0.51328125 0.6958817317845829 0.50546875 0.6948257655755016
0 0.35625 0.7529039070749736 0.35703125 0.7613516367476241 0.36484375 0.7602956705385427 0.36484375 0.7529039070749736 0.35625 0.7529039070749736
0 0.24375 0.6599788806758183 0.23515625 0.6589229144667371 0.228125 0.6642027455121436 0.22734375 0.6747624076029567 0.23203125 0.6842661034846885 0.25 0.6768743400211193 0.24375 0.6599788806758183
0 0.2046875 0.6494192185850053 0.20234375 0.6536430834213305 0.2046875 0.665258711721225 0.20859375 0.665258711721225 0.2109375 0.6525871172122492 0.2046875 0.6494192185850053
0 0.2671875 0.6367476240760296 0.2640625 0.6325237592397043 0.25234375 0.6335797254487856 0.253125 0.6441393875395988 0.259375 0.6473072861668426 0.26640625 0.6451953537486801 0.2671875 0.6367476240760296
0 0.103125 0.5617740232312566 0.0984375 0.5628299894403379 0.09453125 0.5702217529039071 0.09296875 0.5860612460401268 0.09765625 0.5892291446673706 0.1046875 0.5765575501583949 0.103125 0.5617740232312566
0 0.13046875 0.5670538542766631 0.12421875 0.5617740232312566 0.1171875 0.5712777191129884 0.1171875 0.5818373812038015 0.12265625 0.5850052798310454 0.13046875 0.573389651531151 0.13046875 0.5670538542766631
0 0.0953125 0.4677930306230201 0.090625 0.4677930306230201 0.0859375 0.47624076029567053 0.08359375 0.4857444561774023 0.08828125 0.48996832101372756 0.09453125 0.47940865892291445 0.0953125 0.4677930306230201
0 0.0359375 0.7708553326293559 0.02890625 0.7771911298838438 0.02890625 0.7898627243928195 0.0328125 0.7888067581837381 0.04140625 0.7729672650475184 0.0359375 0.7708553326293559
0 0.14765625 0.6853220696937699 0.14140625 0.689545934530095 0.14296875 0.7011615628299894 0.14765625 0.7001055966209081 0.1515625 0.6927138331573389 0.14765625 0.6853220696937699
0 0.71875 0.590285110876452 0.71796875 0.5955649419218585 0.728125 0.5955649419218585 0.7265625 0.5913410770855333 0.71875 0.590285110876452
0 0.515625 0.795142555438226 0.51640625 0.8014783526927138 0.52421875 0.7993664202745512 0.52265625 0.7940865892291447 0.515625 0.795142555438226
0 0.446875 0.7592397043294614 0.446875 0.764519535374868 0.45390625 0.7634635691657867 0.4515625 0.7581837381203802 0.446875 0.7592397043294614
0 0.3734375 0.8109820485744457 0.3765625 0.8173178458289335 0.38046875 0.8141499472016895 0.3765625 0.8078141499472017 0.3734375 0.8109820485744457
0 0.33203125 0.8035902851108765 0.3328125 0.8099260823653643 0.33984375 0.8067581837381204 0.33828125 0.8025343189017952 0.33203125 0.8035902851108765
0 0.34453125 0.6768743400211193 0.346875 0.6853220696937699 0.35390625 0.6853220696937699 0.34921875 0.6715945089757128 0.34453125 0.6768743400211193
0 0.5171875 0.6251319957761352 0.5078125 0.6251319957761352 0.50546875 0.6335797254487856 0.5125 0.6420274551214361 0.52109375 0.6346356916578669 0.5171875 0.6251319957761352
0 0.5953125 0.6293558606124604 0.58203125 0.6219640971488912 0.57734375 0.6124604012671595 0.571875 0.6114044350580782 0.5703125 0.6187961985216474 0.5859375 0.648363252375924 0.5953125 0.6409714889123548 0.5953125 0.6293558606124604
0 0.6 0.614572333685322 0.603125 0.6367476240760296 0.6078125 0.6356916578669483 0.6109375 0.6166842661034847 0.6 0.614572333685322
0 0.44296875 0.7022175290390708 0.4421875 0.7053854276663146 0.44609375 0.7074973600844773 0.45 0.7043294614572334 0.44296875 0.7022175290390708
0 0.46484375 0.7286166842661035 0.46953125 0.7254487856388595 0.46640625 0.7212249208025343 0.46484375 0.7286166842661035
0 0.52734375 0.7391763463569165 0.52734375 0.7444561774023232 0.53359375 0.7434002111932418 0.5328125 0.7391763463569165 0.52734375 0.7391763463569165
0 0.53046875 0.7180570221752904 0.5328125 0.723336853220697 0.5375 0.720168954593453 0.53359375 0.7148891235480465 0.53046875 0.7180570221752904
0 0.78671875 0.7328405491024287 0.7875 0.7402323125659979 0.79609375 0.7391763463569165 0.79375 0.7328405491024287 0.78671875 0.7328405491024287
0 0.809375 0.7708553326293559 0.8 0.7729672650475184 0.803125 0.7845828933474129 0.80625 0.7866948257655755 0.81171875 0.7824709609292503 0.809375 0.7708553326293559
0 0.82578125 0.706441393875396 0.8265625 0.7127771911298838 0.83671875 0.7127771911298838 0.83359375 0.7074973600844773 0.82578125 0.706441393875396
0 0.76875 0.6884899683210137 0.7671875 0.6937697993664202 0.778125 0.6958817317845829 0.77734375 0.689545934530095 0.76875 0.6884899683210137
0 0.7828125 0.675818373812038 0.79296875 0.6737064413938754 0.78203125 0.6705385427666315 0.7828125 0.675818373812038
0 0.80390625 0.6325237592397043 0.8046875 0.6378035902851109 0.81328125 0.6388595564941922 0.81171875 0.6346356916578669 0.80390625 0.6325237592397043
0 0.75859375 0.6230200633579726 0.7609375 0.6293558606124604 0.76875 0.6261879619852164 0.7640625 0.6219640971488912 0.75859375 0.6230200633579726
0 0.74765625 0.617740232312566 0.74765625 0.6240760295670539 0.75546875 0.6230200633579726 0.7546875 0.6187961985216474 0.74765625 0.617740232312566
0 0.81015625 0.5776135163674763 0.80546875 0.5797254487856388 0.81796875 0.587117212249208 0.81796875 0.5755015839493136 0.81015625 0.5776135163674763
0 0.77109375 0.5744456177402323 0.77109375 0.5807814149947201 0.78046875 0.5797254487856388 0.77890625 0.5755015839493136 0.77109375 0.5744456177402323
0 0.79765625 0.6251319957761352 0.8046875 0.6240760295670539 0.79765625 0.6198521647307286 0.79765625 0.6251319957761352
0 0.7 0.7011615628299894 0.70078125 0.7074973600844773 0.70859375 0.7053854276663146 0.70625 0.7011615628299894 0.7 0.7011615628299894
0 0.74609375 0.7771911298838438 0.7484375 0.7845828933474129 0.75546875 0.7824709609292503 0.75234375 0.7771911298838438 0.74609375 0.7771911298838438
0 0.68125 0.8215417106652587 0.68984375 0.8183738120380147 0.68125 0.8152059134107709 0.68125 0.8215417106652587
0 0.64296875 0.7824709609292503 0.6453125 0.7803590285110876 0.6453125 0.7761351636747624 0.64296875 0.7761351636747624 0.6421875 0.7750791974656811 0.64140625 0.7761351636747624 0.6390625 0.7761351636747624 0.63828125 0.7771911298838438 0.63828125 0.7793030623020063 0.63984375 0.781414994720169 0.64296875 0.7824709609292503
0 0.65078125 0.7676874340021119 0.6578125 0.7676874340021119 0.66015625 0.7666314677930306 0.66171875 0.7634635691657867 0.66015625 0.7592397043294614 0.66015625 0.7518479408658922 0.6578125 0.7486800422386484 0.65703125 0.7497360084477297 0.6546875 0.7497360084477297 0.653125 0.750791974656811 0.64609375 0.7581837381203802 0.64453125 0.7624076029567054 0.64609375 0.7666314677930306 0.65 0.7666314677930306 0.65078125 0.7676874340021119
0 0.72890625 0.6948257655755016 0.73046875 0.6927138331573389 0.7296875 0.6906019007391764 0.7265625 0.6884899683210137 0.7234375 0.6884899683210137 0.72265625 0.689545934530095 0.72265625 0.6927138331573389 0.72421875 0.6937697993664202 0.72890625 0.6948257655755016
0 0.69375 0.6948257655755016 0.696875 0.6948257655755016 0.69765625 0.6937697993664202 0.696875 0.689545934530095 0.69453125 0.6884899683210137 0.69140625 0.6884899683210137 0.690625 0.689545934530095 0.690625 0.6927138331573389 0.69296875 0.6958817317845829 0.69375 0.6948257655755016
0 0.715625 0.6314677930306231 0.71640625 0.6325237592397043 0.71875 0.6304118268215417 0.7171875 0.6261879619852164 0.7125 0.6261879619852164 0.71171875 0.6272439281942978 0.71171875 0.6304118268215417 0.71328125 0.6314677930306231 0.715625 0.6314677930306231
0 0.7015625 0.6473072861668426 0.703125 0.6462513199577613 0.7015625 0.6420274551214361 0.696875 0.6409714889123548 0.6953125 0.6420274551214361 0.6953125 0.6462513199577613 0.69609375 0.6473072861668426 0.7015625 0.6473072861668426
0 0.65859375 0.6504751847940866 0.6578125 0.6473072861668426 0.653125 0.6473072861668426 0.6515625 0.648363252375924 0.65078125 0.6504751847940866 0.653125 0.6536430834213305 0.65703125 0.6536430834213305 0.65859375 0.6504751847940866
0 0.28125 0.7666314677930306 0.26796875 0.7655755015839493 0.27109375 0.7761351636747624 0.27890625 0.778247096092925 0.28203125 0.7750791974656811 0.28125 0.7666314677930306
0 0.2359375 0.7518479408658922 0.23671875 0.7571277719112989 0.24453125 0.7550158394931362 0.24140625 0.7497360084477297 0.2359375 0.7518479408658922
0 0.228125 0.7159450897571278 0.2265625 0.7243928194297783 0.23203125 0.7296726504751848 0.23515625 0.720168954593453 0.228125 0.7159450897571278