0 0.027554369230769232 0.295044717370892 0.028197056923076922 0.3091386723004695 0.039327680000000004 0.32733682910798123 0.05676730230769231 0.3389132948356807 0.0713674923076923 0.3376710676056338 0.07949825461538461 0.3260462422535211 0.07685984461538461 0.3075213089201878 0.0592462623076923 0.2865107295774648 0.04271801 0.24547109201877934 0.030395756923076927 0.2000169943661972 0.027154277692307695 0.19861078309859156 0.029886433076923076 0.21806768450704225 0.05037906692307693 0.28310963286384977 0.027554369230769232 0.295044717370892
0 0.18346330615384615 0.5583210591549296 0.19316068076923076 0.5776800469483568 0.20754631538461538 0.5897142375586855 0.24044337000000002 0.60086601314554 0.25649034 0.590892779342723 0.25375818384615384 0.5714358779342723 0.23672060769230768 0.548446930516432 0.22528168384615385 0.5425932234741784 0.19380434615384615 0.5378507934272301 0.16913179923076924 0.5160061596244131 0.15654086384615384 0.5141091877934273 0.15699606076923076 0.5263392056338028 0.18346330615384615 0.5583210591549296
0 0.17790622692307692 0.4645520807511737 0.1909117630769231 0.5013896018779342 0.19890818384615386 0.5115433389671362 0.20758788846153847 0.5130804985915494 0.23432381692307694 0.5015052262910799 0.24666057846153847 0.48546593896713613 0.23836938846153846 0.4800864751173709 0.22981049384615385 0.4643409286384977 0.20007470461538462 0.4460932187793427 0.18255486846153846 0.4260146075117371 0.18168409384615386 0.4327672478873239 0.1868140176923077 0.4452426460093897 0.18229971769230768 0.4620015558685446 0.1782009953846154 0.4597778084507042 0.17790622692307692 0.4645520807511737
0 0.05940473538461539 0.411361434741784 0.06054321461538462 0.41497487699530516 0.07321436384615385 0.42537399436619716 0.08524282538461539 0.4216791568075117 0.0972577546153846 0.425554496713615 0.10329904923076923 0.40856672394366195 0.11953351 0.4004574253521127 0.1276642723076923 0.38883259906103285 0.12262809384615384 0.37728916901408455 0.10528221692307693 0.36664467136150236 0.09804929307692307 0.356376503286385 0.09175382538461538 0.35542801690140846 0.08334182615384615 0.3642569389671362 0.07475586692307692 0.3636517464788732 0.07845254307692308 0.3772879765258216 0.07681827153846155 0.38415504788732396 0.06322222076923076 0.41078927887323946 0.05940473538461539 0.411361434741784
0 0.14275829923076924 0.4849562751173709 0.14533002692307692 0.4874088854460094 0.1535410030769231 0.4842862046948357 0.15147859923076923 0.4637829042253521 0.14097713153846153 0.4672488788732394 0.14275829923076924 0.4849562751173709
0 0.01114203923076923 0.5094127323943661 0.01722295230769231 0.5236376356807512 0.03582811846153846 0.5236871887323944 0.039458112307692306 0.5212510957746479 0.039659135384615386 0.515544855399061 0.03242621076923077 0.5052766873239437 0.020893541538461537 0.49849101126760564 0.013928322307692309 0.4985889248826291 0.010298328461538461 0.5010250178403756 0.01114203923076923 0.5094127323943661
0 0.10158260923076923 0.5147780647887324 0.10166282307692306 0.5232802103286385 0.11090500153846154 0.530409179342723 0.13036741 0.531276269483568 0.1352431607692308 0.5258154093896714 0.1386991953846154 0.5139452028169014 0.13022051384615385 0.5067018018779343 0.11162888000000001 0.4990820723004695 0.10084617615384615 0.4997521417840376 0.09205919384615385 0.5048531906103286 0.09509965 0.5119656422535211 0.10158260923076923 0.5147780647887324
0 0.040140417692307695 0.5665577267605634 0.04279236 0.5775124826291079 0.06375469846153846 0.5932910647887324 0.06967518384615384 0.5905116779342723 0.06911271000000001 0.584919868544601 0.06253600538461539 0.5811754779342723 0.05712484384615385 0.5659041746478873 0.040140417692307695 0.5665577267605634
0 0.09117391 0.5730992150234743 0.09211136692307692 0.5824188976525821 0.09744231384615384 0.589188055399061 0.11364971153846155 0.5962191117370892 0.12843739230769233 0.5968408215962442 0.13111639769230768 0.5926552234741784 0.12608021923076923 0.581111792488263 0.10320237153846154 0.5694043784037559 0.09537991 0.5686847549295775 0.09117391 0.5730992150234743
0 0.1449666223076923 0.5839572507042254 0.14437708461538462 0.5935057953051643 0.14894453461538462 0.6003893849765258 0.16181670692307693 0.6050822610328638 0.17308167153846152 0.601501855399061 0.1685277523076923 0.587048089201878 0.15556183461538461 0.5814232441314553 0.1449666223076923 0.5839572507042254
0 0.05461686615384615 0.7412935089201877 0.0543220976923077 0.7460677812206573 0.07054302615384615 0.7455286600938967 0.09295214538461538 0.7525762338028169 0.0990601223076923 0.7516607840375586 0.10536912153846155 0.7450390929577465 0.09986421461538461 0.7288358215962442 0.08803677615384616 0.7268244178403755 0.07528541384615385 0.7079231558685446 0.06651196384615385 0.7054540272300469 0.06269447846153846 0.7060261830985916 0.04615171692307692 0.7264799314553991 0.04585694769230769 0.7312542037558685 0.05461686615384615 0.7412935089201877
0 0.05174939230769231 0.7975383784037559 0.05316910846153846 0.8039477248826291 0.07213572538461538 0.8152953276995305 0.07967695 0.8132190460093898 0.07749373615384615 0.806924131455399 0.06434032692307692 0.7994353502347418 0.05174939230769231 0.7975383784037559
0 0.09104919153846154 0.8030004309859156 0.09275014538461539 0.812205682629108 0.10903775615384616 0.8277388835680751 0.1297459223076923 0.8255812065727699 0.12051727538461539 0.8108820600938967 0.10507337538461539 0.8037365727699531 0.09104919153846154 0.8030004309859156
0 0.2439786407692308 0.6514211596244132 0.2466441146153846 0.6548057389671361 0.2653294946153846 0.6633574375586855 0.28155042384615386 0.6628183164319249 0.2851804176923077 0.6603822234741784 0.28548871846153845 0.6480377737089201 0.2806400307692308 0.6383582798122066 0.2543196807692308 0.6309508948356808 0.2432422076923077 0.6363952375586854 0.2439786407692308 0.6514211596244132
0 0.2923341053846154 0.6082250384976526 0.2954683069230769 0.6162694591549295 0.31890862846153845 0.6335686826291079 0.31964506153846156 0.6485946056338028 0.33709821615384616 0.6526008948356807 0.3387054238461538 0.6608741774647887 0.3467018453846154 0.6710279136150235 0.36787873923076925 0.6735300779342723 0.37008901692307694 0.6646846384976526 0.37448250769230773 0.6621341145539906 0.36916509230769234 0.647794779342723 0.37175035153846153 0.6426772131455399 0.3635799715384615 0.6230893624413146 0.34155936615384613 0.6121994845070422 0.33612114153846157 0.6120685361502347 0.3253249053846154 0.6203087830985916 0.2988170638461538 0.6110374610328638 0.2956828623076923 0.602993041314554 0.2923341053846154 0.6082250384976526
0 0.3262362753846154 0.5908456112676057 0.33061623461538464 0.5958652647887324 0.3388136792307692 0.6003127605633802 0.34616741230769227 0.5963725427230047 0.34789543 0.5904374394366197 0.3425644823076923 0.5836682816901408 0.33178177769230766 0.584338352112676 0.3262362753846154 0.5908456112676057
0 0.4047933246153846 0.7323266638497653 0.40696300692307696 0.7461917558685446 0.4172499192307692 0.7560021990610328 0.44023504384615386 0.7610714056338028 0.4616129607692308 0.7578673286384976 0.4699312146153846 0.7481064384976526 0.46422528461538465 0.7376094084507042 0.4505094015384616 0.7245288178403756 0.4333374838461538 0.7233184338028169 0.40890557923076926 0.7269802356807512 0.4047933246153846 0.7323266638497653
0 0.4563235861538461 0.6744644319248826 0.45631005461538465 0.6820346093896713 0.4651637184615385 0.6930058826291079 0.47241017461538465 0.6957038741784037 0.48958209153846155 0.6969142582159625 0.49989606769230766 0.6915843464788732 0.5010480792307692 0.6876276112676056 0.48837693 0.6772284938967136 0.46243156307692307 0.6735489812206572 0.4563235861538461 0.6744644319248826
0 0.5604365115384615 0.8773905089201878 0.5701474184615385 0.8891793192488262 0.5876005723076924 0.8931856084507042 0.5967490053846154 0.8993826093896714 0.6033392415384615 0.8955568234741784 0.6391163253846154 0.8968167605633803 0.643308793076923 0.8999724769953051 0.6526717807692307 0.8928930610328638 0.6581100053846154 0.8930240093896713 0.657641276923077 0.8883641680751174 0.6464971223076923 0.8777361887323943 0.598478 0.8395242985915493 0.58339555 0.8436768610328639 0.5628081938461539 0.8316261530516432 0.5574637146153846 0.8324271718309859 0.54944023 0.8374137887323944 0.5507662007692308 0.8428911671361502 0.5481809407692307 0.8480087333333334 0.5413094676923077 0.8490386150234742 0.5202398507692308 0.8398982422535212 0.511868446923077 0.8260166328638497 0.49058427538461535 0.8301526779342724 0.5604365115384615 0.8773905089201878
0 0.6686985276923076 0.5205977276995306 0.67026514 0.5515815408450704 0.6757033646153846 0.5517124901408451 0.68048537 0.545319661971831 0.689406693076923 0.5184400497652581 0.6904253407692308 0.48233867042253525 0.7013433638461538 0.4059668291079812 0.7007006761538461 0.3918728751173709 0.6782896023076923 0.49267171643192487 0.6686985276923076 0.5205977276995306
0 0.5507991284615384 0.5042115680751174 0.5506512553846153 0.5335603079812207 0.5825567261538461 0.565673109859155 0.585731523076923 0.5510069990610329 0.591946776923077 0.5434533389671362 0.590929106923077 0.5256315117370892 0.5949611469230769 0.511782938028169 0.5940778176923077 0.4721825474178404 0.5895103676923077 0.46529895774647884 0.5772142015384616 0.45862771361502347 0.5742008084615384 0.4363749079812207 0.5775901607692308 0.408432379342723 0.5736122484615385 0.3920002450704225 0.5694999946153847 0.3973466741784038 0.5659627684615385 0.45463794272300473 0.5566133130769231 0.4541471821596244 0.55430929 0.46206065258215967 0.5473305392307692 0.46972874366197187 0.545963973076923 0.486961896713615 0.5507991284615384 0.5042115680751174
0 0.5204622246153846 0.3952361643192488 0.5239443453846154 0.4221488112676056 0.5281368130769231 0.42530452769953053 0.5340572976923077 0.4225251408450704 0.5418130776923077 0.407172441314554 0.5462336323076923 0.38948156338028167 0.5523561176923076 0.3270727286384976 0.5493156615384616 0.31996027605633803 0.5193653176923076 0.3149889840375587 0.5147843353846154 0.3156755718309859 0.5137260692307692 0.3205642751173709 0.5167394623076923 0.34281708169014086 0.5217891723076923 0.3467903342723005 0.5236776176923077 0.3578595220657277 0.5204622246153846 0.3952361643192488
0 0.57077477 0.27133513708920187 0.57293092 0.2927704065727699 0.5934109984615384 0.311459323943662 0.6278621107692307 0.30724188356807514 0.6480078030769231 0.2994923971830986 0.6232685738461539 0.2615754403755869 0.5963722184615384 0.25614642347417843 0.5857634738461539 0.26625060657276994 0.5794680061538462 0.26530212112676055 0.57077477 0.27133513708920187
0 0.8374121276923078 0.0790631014084507 0.8392870407692308 0.09770246572769954 0.8528154323076923 0.10891912018779343 0.859968143076923 0.1106851427230047 0.8784930953846155 0.10223255117370893 0.895035856923077 0.08177880375586855 0.8850301815384616 0.07476426572769952 0.8740599861538462 0.07357039906103287 0.8650188307692308 0.06073518873239436 0.8606659353846154 0.04057518215962441 0.8564734676923077 0.03741946572769953 0.8521601907692308 0.04847213521126761 0.82961673 0.06320312394366198 0.8277949669230769 0.06820625915492959 0.8374121276923078 0.0790631014084507
0 0.7361410038461538 0.12782506291079812 0.7405001769230769 0.17116158497652584 0.7439291476923077 0.17443173239436618 0.7501579330769231 0.1593078957746479 0.7659236661538462 0.14653875680751172 0.7742283876923076 0.1443480441314554 0.7642633076923077 0.11462297464788733 0.7729700761538462 0.10101978122065727 0.7843287861538462 0.09837134366197182 0.7918033284615384 0.08022273990610329 0.8028808015384615 0.07477839718309859 0.8032693161538462 0.07093609295774647 0.7866598723076923 0.07531751830985915 0.7761719369230768 0.07121331549295774 0.7706805623076923 0.047439867605633804 0.7534815807692308 0.061369837558685456 0.7416541430769231 0.0593584338028169 0.7312464215384615 0.06375637746478874 0.7252457223076924 0.058033618779342724 0.7169410007692307 0.060224331455399065 0.7189763415384616 0.09586798591549296 0.7241197969230769 0.10077320751173709 0.7361410038461538 0.12782506291079812
0 1 0.4956269333333333 0.9958096476923076 0.49805953145539905 0.9866467061538462 0.5533559145539906 0.9747390538461538 0.5428423661971831 0.9733995507692307 0.544935165258216 0.9692467015384615 0.5729921248826292 0.9704383315384616 0.6002480657276995 0.966017776923077 0.6179389446009389 0.9687634638461539 0.6298256685446009 0.9538008469230769 0.6736930525821596 0.9486438584615385 0.6763580084507043 0.9442368361538461 0.6864787098591549 0.9438347892307692 0.6978911915492957 0.9326094438461537 0.7326842732394366 0.9364936107692309 0.7481844394366197 0.935421813076923 0.7606433201877935 0.9438202807692307 0.7593845755868545 0.9541477884615385 0.7464844873239437 0.96174314 0.7141274976525822 0.9673823884615385 0.70855220657277 0.9776693007692308 0.7183626497652582 0.9813659769230769 0.7319988788732394 0.9854646984615385 0.7342226272300469 0.9925371953846154 0.7274865042253521 0.9910372646153845 0.7125750131455398 0.9861750453846154 0.7104656957746479 0.9837241269230769 0.6938046995305165 0.9753527230769231 0.6799230901408451 0.9783535615384615 0.6558228647887324 0.9773764861538461 0.6152905070422535 0.9917901615384614 0.5582611361502346 0.9932504738461538 0.541959951173709 1 0.5266058676056338 1 0.4956269333333333
0 0.90554206 0.5560515201877935 0.9089710307692308 0.5593216676056338 0.9178923538461539 0.5324420563380282 0.9176787761538461 0.4917952657276996 0.9344100061538461 0.4192822469483568 0.9429177061538462 0.30353887887323944 0.9492943646153846 0.25906630234741784 0.9499786253846154 0.19652651830985918 0.9466569323076923 0.18661816244131457 0.9412853892307692 0.20255953521126763 0.9430259607692308 0.24297746291079814 0.9345057069230769 0.31236780000000003 0.9282218161538461 0.41169555211267606 0.9127498753846154 0.4736136272300469 0.9056899330769231 0.5267027793427229 0.90554206 0.5560515201877935
0 0.9588960392307693 0.3853397370892019 0.9307635484615384 0.5910581399061032 0.935438276923077 0.5913035201877934 0.9537090553846154 0.5649146694835682 0.9547673215384614 0.560025966197183 0.9522893392307693 0.5585053230046949 0.957848373076923 0.5444278863849765 0.9579305415384616 0.44508361690140846 0.9685673276923077 0.36591587136150233 0.9677371484615385 0.3499579802816901 0.9588960392307693 0.3853397370892019
0 0.8237184223076923 0.32045819530516434 0.8250037976923076 0.34864610422535214 0.8285400461538461 0.3452780431924883 0.8343406984615385 0.3027838338028169 0.8392580223076923 0.22068923568075116 0.8372893638461538 0.20111790234741783 0.8283400000000001 0.297061076056338 0.8237184223076923 0.32045819530516434
0 0.6820519823076924 0.5763034751173709 0.6846768607692307 0.6023985859154929 0.6888693284615385 0.6055543014084508 0.7008040438461538 0.600927496713615 0.7069390838461538 0.5848716920187794 0.7244328338461539 0.5661674497652582 0.72742014 0.5496374018779343 0.7240984469230769 0.5397290450704225 0.7256525046153847 0.524359828169014 0.7233755453846153 0.5171329455399061 0.7156468292307692 0.5173452901408451 0.7082128823076923 0.5127833624413145 0.7024798884615384 0.5174266863849766 0.6820519823076924 0.5763034751173709
0 0.6000195030769231 0.7778020516431925 0.5994299653846153 0.7873505962441314 0.6113376176923078 0.797864144600939 0.6344164876923077 0.8038653192488263 0.638716233076923 0.8003828262910798 0.6376850315384616 0.7901311765258215 0.6151019523076923 0.7736494892018779 0.6000195030769231 0.7778020516431925
0 0.6428014238461538 0.8101767521126761 0.64373888 0.8194964338028169 0.6517353015384616 0.8296501708920189 0.6646074730769231 0.8343430478873239 0.6770775992307693 0.8504484056338028 0.6941557707692307 0.850726820657277 0.7035187584615384 0.8436474046948357 0.7009605623076923 0.8336246169014084 0.6924818815384616 0.8263812159624413 0.6790337030769231 0.8236667070422535 0.6540663876923076 0.8065963455399061 0.6428014238461538 0.8101767521126761
0 0.7244956069230769 0.7979326018779342 0.7058363138461539 0.8281637568075118 0.7315004438461538 0.8290473643192487 0.7475609453846154 0.8115039530516432 0.7475744776923077 0.8039337765258217 0.7244956069230769 0.7979326018779342
0 0.7612903607692307 0.8170143661971832 0.7605935453846154 0.8332011201877935 0.7724209838461539 0.835212523943662 0.7812079653846153 0.8301114751173708 0.7903969938461539 0.813597945539906 0.7909865315384614 0.8040493999999999 0.7792663707692308 0.7953997877934272 0.7731583946153846 0.7963152384976526 0.7612903607692307 0.8170143661971832
0 0.6145394784615384 0.7680576798122066 0.6180621946153846 0.7722597953051643 0.6347518523076923 0.7763805154929577 0.6651042423076924 0.7699393267605633 0.6726319353846154 0.7754332225352112 0.6795034092307692 0.7744033408450705 0.6871519115384616 0.7656888507042253 0.6856384492307692 0.7583475361502348 0.6916662115384615 0.7489299408450704 0.6905412638461539 0.7377463220657278 0.6773076407692308 0.7217553953051643 0.6430044015384615 0.6966240957746479 0.6407805923076924 0.7130397126760564 0.6145394784615384 0.7680576798122066
0 0.11060827769230769 0.6430298666666667 0.10800948615384615 0.6557176103286385 0.11229569923076924 0.6598052948356807 0.12451165230769232 0.6579743943661972 0.1356693392307692 0.6610321971830986 0.14693430307692307 0.6574517906103287 0.13817438538461538 0.6474124854460094 0.11060827769230769 0.6430298666666667
0 0.17263805230769233 0.6895480751173709 0.17547748538461538 0.7023667671361503 0.18013868153846155 0.7101823248826291 0.1923411023076923 0.7159216009389672 0.2107587769230769 0.7141072178403756 0.21666573000000003 0.7188980084507043 0.21793855076923077 0.7007328863849765 0.21338463230769228 0.6862791201877934 0.19535547230769232 0.6842511990610328 0.1911494723076923 0.6886656600938967 0.18524251923076923 0.6838748704225351 0.1761743 0.686180014084507 0.17263805230769233 0.6895480751173709
0 0.24558487153846154 0.7136176497652582 0.2430933576923077 0.7196671849765258 0.25729150076923074 0.7298374394366197 0.2655024769230769 0.726714758685446 0.2638952684615385 0.718441476056338 0.25970280076923075 0.7152857596244131 0.24558487153846154 0.7136176497652582
0 0.18840183 0.7846253511737089 0.19268804384615384 0.7887130356807511 0.20889544076923078 0.7957440920187793 0.23342109153846155 0.7930142582159625 0.23906033999999998 0.787438966197183 0.2309701730769231 0.7763532610328638 0.21046303076923079 0.7728046976525822 0.20943182846153846 0.762553047887324 0.20561434307692308 0.7631252037558686 0.1981533323076923 0.7737036309859155 0.19185786461538462 0.772755144600939 0.18908511384615384 0.7760087746478873 0.18840183 0.7846253511737089
0 0.2731635338461538 0.7643532985915492 0.27562798384615383 0.7734441183098592 0.28468267076923076 0.7787091511737089 0.2969923692307692 0.7778102187793428 0.29900162384615386 0.774671020657277 0.29415293615384613 0.7649915267605634 0.2805172669230769 0.7604130807511736 0.2731635338461538 0.7643532985915492
0 0.08179543615384616 0.6955952234741783 0.08636288692307692 0.70247881314554 0.10924073384615385 0.7141862281690141 0.1215504323076923 0.7132872948356808 0.12098795846153847 0.7076954854460094 0.10261087923076924 0.686799338028169 0.08199645923076923 0.6898889830985916 0.08179543615384616 0.6955952234741783
0 0.30125347384615386 0.6891918422535211 0.30324919615384616 0.693622820657277 0.30858014307692305 0.7003919784037559 0.3131611253846154 0.6997053906103287 0.3206086046153846 0.6966971408450704 0.32119814230769234 0.6871485962441315 0.3060490107692308 0.6752288366197182 0.30125347384615386 0.6891918422535211
0 0.24450540615384617 0.41010746291079814 0.24695632461538464 0.42676845915492956 0.2560912253846154 0.44053563755868547 0.2645834384615384 0.44020886103286383 0.26807909153846154 0.45955133145539906 0.27529848384615385 0.47738967699530516 0.2831074130769231 0.48567947699530517 0.3044582669230769 0.4976157539906103 0.31840223692307695 0.48984975023474175 0.3199427623076923 0.48205071079812206 0.3072851453846154 0.46408141596244135 0.25862333538461535 0.4117755718309859 0.25051963692307694 0.4082600441314554 0.24450540615384617 0.41010746291079814
0 0.7896992015384615 0.8837079061032863 0.7906366576923077 0.8930275887323944 0.7925386346153845 0.8965265990610329 0.7979768592307692 0.8966575474178404 0.8081033438461539 0.8894637004694836 0.8071794192307693 0.8725738413145541 0.8028932061538462 0.8684861568075117 0.8034025300000001 0.8504354666666666 0.7934770684615385 0.8519230732394366 0.7879315661538462 0.8584303333333333 0.7876367969230769 0.8632046056338029 0.7933562592307692 0.8661314591549296 0.7948697207692308 0.8734727737089202 0.7896992015384615 0.8837079061032863
0 0.89630755 0.8648916187793427 0.8962940176923077 0.8724617953051643 0.9012499830769232 0.8755030807511738 0.9072642138461537 0.873655661971831 0.9138679815384615 0.8622596985915494 0.9130242707692308 0.8538719840375587 0.9074923007692307 0.8528090676056338 0.9031925553846154 0.8562915596244132 0.89630755 0.8648916187793427
0 0.44309958615384615 0.8665961586854459 0.44451930307692306 0.8730055051643192 0.45243551 0.874657096713615 0.4562665269230769 0.8665147624413145 0.44730558615384614 0.8621816976525822 0.44309958615384615 0.8665961586854459
0 0.17203009615384615 0.976282834741784 0.1747893153846154 0.9805993821596244 0.20674891384615385 0.9824314760563381 0.21562964153846154 0.9782623953051643 0.20256997769230772 0.9717055821596245 0.20136481615384616 0.9520198187793427 0.19631510538461538 0.948046565258216 0.1903008753846154 0.9498939840375588 0.1878760423076923 0.9720158413145541 0.17203009615384615 0.976282834741784
0 0.4602038446153846 0.9056574281690141 0.4666868030769231 0.9084698507042254 0.4801349815384615 0.9111843596244131 0.49302068538461535 0.9083070591549296 0.49093121769230774 0.9029441117370892 0.46785234692307687 0.896942938028169 0.4602038446153846 0.9056574281690141
0 0.4782475138461538 0.8461919643192488 0.4778589992307692 0.850034268544601 0.49397265076923075 0.8561333558685446 0.5066708638461539 0.8513921192488263 0.5085863723076923 0.8473209530516431 0.48273475 0.8445734084507043 0.4782475138461538 0.8461919643192488
0 0.6538498784615385 0.927719178403756 0.6559393461538461 0.9330821248826292 0.6770224946153846 0.9346523211267606 0.6867469330769231 0.9388709549295774 0.6967796723076923 0.9307451389671362 0.6844835053846154 0.9240738948356807 0.66587834 0.9240243408450705 0.6538498784615385 0.927719178403756
0 0.4447183715384615 0.9751456798122066 0.4478525730769231 0.9831900995305164 0.4570145376923077 0.9818169239436619 0.45950605230769237 0.9757673887323942 0.4447183715384615 0.9751456798122066
0 0.7616421884615385 0.6201897633802818 0.7652451184615385 0.6328940244131456 0.7748758115384615 0.636180690140845 0.7815733253846154 0.6257166948356807 0.7948349892307692 0.5726440591549296 0.7993763530769231 0.5407447953051643 0.7965973246153847 0.520821909859155 0.7995648223076923 0.48868552394366194 0.8083257176923077 0.44480162159624415 0.8031822615384616 0.43989640093896715 0.7788286153846155 0.5599067624413145 0.7795650484615385 0.5749326854460094 0.7691437953846154 0.5869008056338028 0.7631962461538462 0.6048205464788732 0.7616421884615385 0.6201897633802818
0 0.7344936138461539 0.4889780713615024 0.7376278161538461 0.4970224920187793 0.7419275615384615 0.49353999906103285 0.7517196592307692 0.4599077474178404 0.7515862953846154 0.42776310328638495 0.7559933176923076 0.4176424018779343 0.7600524215384615 0.3886534732394366 0.7573337976923077 0.3616263953051643 0.7626251269230769 0.33718287699530514 0.7604022953846153 0.2996752854460094 0.7667132492307692 0.185207179342723 0.7635925792307692 0.1695925821596244 0.7515631407692307 0.22721062723004695 0.7486028976923077 0.22860032018779342 0.7553535623076922 0.24177882441314552 0.7565722553846154 0.2538944112676056 0.7565451915384616 0.26903476525821596 0.7521381692307693 0.27915546666666663 0.7539589546153846 0.32807553896713615 0.7508508392307692 0.3588139727699531 0.7531809484615385 0.38968335492957745 0.7459876423076923 0.41062786384976524 0.7445940123076923 0.4430013708920188 0.7344936138461539 0.4889780713615024
0 0.850221376923077 0.5993455549295774 0.8533691107692308 0.5998197971830986 0.859959346923077 0.5959940112676057 0.8642726246153846 0.5849413417840376 0.8646746707692308 0.5735288600938967 0.8592499776923077 0.5658277342723005 0.8493911984615385 0.5833876638497653 0.850221376923077 0.5993455549295774