0 0.2508754828125 0.8499937666314679 0.250617096875 0.8617946610348469 0.26055140859375003 0.8646487814149948 0.265184453125 0.8605820665258712 0.2631503046875 0.8481225290390708 0.259491846875 0.8459918996832101 0.2508754828125 0.8499937666314679
0 0.24986389765625 0.8259528827877508 0.24648232499999997 0.8271404730728616 0.24550773828125 0.833337818373812 0.249003765625 0.8365013389651532 0.25423855624999997 0.8336870612460402 0.25505071171875 0.8285226071805702 0.24986389765625 0.8259528827877508
0 0.28807278828125 0.836930268215417 0.29047977578125 0.8419400232312565 0.30275459765625 0.8400687845828932 0.30192394375 0.8301141235480465 0.28997398359375 0.829919580781415 0.28807278828125 0.836930268215417
0 0.29697701640625 0.8006243907074974 0.294426096875 0.811766640971489 0.30125572031250003 0.8191265723336852 0.32684642734375 0.818921863780359 0.31569012265624996 0.7984437518479408 0.303300846875 0.7959638796198522 0.29697701640625 0.8006243907074974
0 0.3226307421875 0.8965183706441393 0.31049985156250004 0.8822376040126716 0.30100485546875 0.8816688120380148 0.288519625 0.8899569429778247 0.2873826078125 0.8971871795142555 0.29613192499999996 0.9126555374868005 0.31692715703125 0.9175504350580781 0.34245138750000004 0.9076106135163675 0.340694125 0.8984692956705386 0.3226307421875 0.8965183706441393
0 0.53185303203125 0.9577073368532207 0.535168128125 0.9467846335797254 0.52378291640625 0.9176042988384372 0.5044680625 0.9185324984160507 0.50286225234375 0.9439805216473073 0.51205088515625 0.9617342090813094 0.5057935312499999 0.9761298321013727 0.5053727140625 0.9889636177402323 0.51707526796875 0.9653368247096094 0.53185303203125 0.9577073368532207
0 0.14286802578125 0.8308384329461457 0.14156857734375 0.8391015596620909 0.1487230625 0.8443957085533264 0.15782671953125 0.8372951689545935 0.15956548359375 0.8313173717001057 0.15442664687500002 0.8233636451953538 0.14286802578125 0.8308384329461457
0 0.07409202265625 0.8110791383315734 0.060909090624999995 0.8288828342133052 0.0485088359375 0.86202519218585 0.04651168671875 0.879803883843717 0.0503140765625 0.8657825079197465 0.08033839765625 0.8323057455121436 0.08495294296875 0.8131199155227032 0.07409202265625 0.8110791383315734
0 0.05422339921875 0.8053708975712777 0.059735075000000006 0.8058748405491024 0.06675660703125 0.7916987645195354 0.062333971093749996 0.7893485871172122 0.055685278125 0.7960748796198522 0.05422339921875 0.8053708975712777
0 0.1336348734375 0.7321051710665258 0.14044599687499998 0.7243459873284055 0.13312908046875 0.7200847286166843 0.13034925390625002 0.7225247581837382 0.1336348734375 0.7321051710665258
0 0.13781010234375 0.7106340116156283 0.14239516875 0.711951297782471 0.14626403515625 0.7076650348468848 0.14614958125 0.7033139239704329 0.139711296875 0.70362332312566 0.13781010234375 0.7106340116156283
0 0.2012183609375 0.7137373579725449 0.18687991328125 0.7236521752903907 0.18410008671875 0.7260922038014784 0.18541803437499998 0.7329481921858501 0.205172203125 0.7343053220696938 0.2137885671875 0.7303034540654698 0.21617705546875002 0.7201940939809927 0.2012183609375 0.7137373579725449
0 0.2254396859375 0.7984242397043294 0.22504834687500003 0.7907549081309397 0.21800831562499998 0.78981186906019 0.21534294296874998 0.7966030095036959 0.2254396859375 0.7984242397043294
0 0.14391600390624998 0.6616490475184794 0.14398248046875 0.6713841605068638 0.15146182734375 0.6746125290390708 0.1659147296875 0.669048822597677 0.16934427968750002 0.6624772302006336 0.15236993671875002 0.658680070749736 0.14391600390624998 0.6616490475184794
0 0.4665874921875 0.8191257550158395 0.46501115937500004 0.8240706610348468 0.46862163984375 0.8315852925026399 0.47702759609375 0.834000317845829 0.48242481796875003 0.8301531499472017 0.47990337656250004 0.8207922840549102 0.4665874921875 0.8191257550158395
0 0.48597634296875 0.8786740137275607 0.48685497421874996 0.8832446726504752 0.49695171718750003 0.8850659017951426 0.49503202265625 0.8769574751847942 0.48875616953125 0.8762339841605069 0.48597634296875 0.8786740137275607
0 0.4999419515625 0.876208979936642 0.50403972578125 0.8806249387539599 0.5149486234375 0.8772817138331573 0.50920803984375 0.8680755491024287 0.50260732421875 0.8694178394931362 0.4999419515625 0.876208979936642
0 0.5461359820312499 0.902435176346357 0.5455822125 0.8957987360084477 0.5373386874999999 0.8923508204857445 0.53467331484375 0.899141959873284 0.5461359820312499 0.902435176346357
0 0.5415803929687499 0.880614772967265 0.550654571875 0.8940173495248152 0.56232764765625 0.8908936726504751 0.55827785078125 0.881093711721225 0.5428318640625001 0.8777356483632524 0.5415803929687499 0.880614772967265
0 0.43255383046875 0.7866772090813094 0.43232492265625 0.7779749873284054 0.42178886406249994 0.7738684287222809 0.42092873203125 0.7844168848996832 0.43255383046875 0.7866772090813094
0 0.36239746640625004 0.8874317360084478 0.3636674359375 0.8996717254487856 0.37452835703125 0.9017125026399155 0.37872208515625 0.8953604582893347 0.37953423984375 0.8901960042238649 0.37423297265625 0.8832751678986273 0.36239746640625004 0.8874317360084478
0 0.3398929484375 0.8680115184794086 0.3370466453125 0.8607164350580782 0.33137253828125 0.8612453833157339 0.33160144609375003 0.8699476050686378 0.3398929484375 0.8680115184794086
0 0.38412682734375003 0.9422546356916579 0.381251046875 0.9554626684266103 0.383170740625 0.9635710950369588 0.3883575546875 0.9661408204857445 0.39172062890625 0.9498341151003167 0.390841996875 0.9452634561774023 0.38412682734375003 0.9422546356916579
0 0.3831632203125 0.9128297497360085 0.380545825 0.9142368880675819 0.38153891015624997 0.9231586578669483 0.38874137265625 0.9230688057022175 0.39261023906250003 0.9187825427666315 0.39096742890625 0.9139923357972545 0.3831632203125 0.9128297497360085
0 0.5901039546875 0.9377378416050687 0.58706574296875 0.9519787655755017 0.5924814640625 0.963250711721225 0.5971145085937499 0.9591839968321014 0.5995509734375 0.9436906346356917 0.59501388359375 0.9369893463569166 0.5901039546875 0.9377378416050687
0 0.631457990625 0.8880840696937699 0.634466725 0.8943462618796199 0.647066409375 0.890409242872228 0.64269175 0.8826750633579725 0.63488754140625 0.8815124772967265 0.631457990625 0.8880840696937699
0 0.63676271640625 0.8086413294614572 0.6435258625 0.8062661478352693 0.63653380859375 0.799939106652587 0.6328273734375001 0.8031924794086589 0.63676271640625 0.8086413294614572
0 0.6878591546874999 0.7833776842661034 0.68654120703125 0.776521696937698 0.6773710734375 0.7738871235480466 0.6792907671874999 0.781995550158395 0.6878591546874999 0.7833776842661034
0 0.6929609921875 0.7610931816261879 0.6918239749999999 0.7683234181626187 0.69652349609375 0.7739918152059134 0.7068971234375 0.7791312650475185 0.71366026953125 0.7767560834213306 0.70917115703125 0.764670793030623 0.6929609921875 0.7610931816261879
0 0.48940935156250004 0.7857388447729673 0.48903651171874996 0.7931886282998944 0.49482507265625 0.7970107919746569 0.50360386796875 0.7919760327349525 0.50425359140625 0.787844469904963 0.50059513359375 0.7857138405491024 0.48940935156250004 0.7857388447729673
0 0.5437804296875 0.805677843717001 0.54160235 0.8093703115100317 0.54613943984375 0.8160715997888067 0.55301703984375 0.8180475290390707 0.556723475 0.8147941562829989 0.5517470695312501 0.8058075395987329 0.5437804296875 0.805677843717001
0 0.5015512203125 0.7643973812038015 0.50023327265625 0.7575413928194298 0.49395741953125 0.7568179017951425 0.491454478125 0.7625761510031679 0.5015512203125 0.7643973812038015
0 0.55412803671875 0.744956833157339 0.56095766015625 0.7523167645195354 0.5739966601562501 0.7506650739176346 0.5684185078125 0.7404260179514256 0.55586680078125 0.7389790359028511 0.55412803671875 0.744956833157339
0 0.69985363359375 0.8645518025343188 0.702375075 0.8739126673706441 0.7083260664062501 0.8767019398099261 0.72076331953125 0.8737978109820486 0.7188436257812499 0.8656893843717002 0.7091197218749999 0.8564183717001056 0.69985363359375 0.8645518025343188
0 0.7093890859374999 0.8089952460401267 0.7114712117187499 0.8160707814149947 0.72402291875 0.8175177634635691 0.72133904609375 0.8091897898627244 0.711567165625 0.8053027782470961 0.7093890859374999 0.8089952460401267
0 0.7656209031250001 0.8780489049630411 0.76399659296875 0.8883778130939809 0.76788395859375 0.8992106642027455 0.77170484765625 0.9003084023231256 0.77344361171875 0.8943306050686377 0.7710846015625 0.8839368489968321 0.7656209031250001 0.8780489049630411
0 0.7893104156249999 0.884854883843717 0.79077229453125 0.8755588669482577 0.78366578671875 0.8648807148891235 0.78275767734375 0.8808131731784583 0.7893104156249999 0.884854883843717
0 0.67666585078125 0.732661343189018 0.6788439304687499 0.7289688753959873 0.67398197890625 0.7243333695881732 0.67027554375 0.7275867412882787 0.67666585078125 0.732661343189018
0 0.71145616953125 0.7145880908130939 0.7140255882812501 0.7185649545934529 0.723195721875 0.7211995269271383 0.72171534375 0.7153764297782471 0.71347181875 0.7119285142555437 0.71145616953125 0.7145880908130939
0 0.739520340625 0.7291282492080253 0.74361811484375 0.7335442080253433 0.7515847546875001 0.733673903907075 0.7493401984375 0.7276312587117213 0.74017006484375 0.7249966863780359 0.739520340625 0.7291282492080253
0 0.5920155234375 0.6716364244984161 0.5782123453125 0.6730685670538543 0.5724902617187501 0.6789815174234425 0.57440995625 0.6870899440337909 0.58767786328125 0.6941404751847942 0.59460344140625 0.6907324023231257 0.59775610703125 0.6808425902851108 0.5920155234375 0.6716364244984161
0 0.6089309109375 0.7164398162618797 0.6137928625 0.72107532312566 0.6203935781250001 0.7197330327349525 0.616620665625 0.7132512914466738 0.61018238125 0.713560691657867 0.6089309109375 0.7164398162618797
0 0.6029319421875 0.7190345459345301 0.6031423499999999 0.7126176525871173 0.59763067421875 0.7121137096092924 0.59714338125 0.7152123822597677 0.6029319421875 0.7190345459345301
0 0.609314728125 0.6733678025343189 0.61581948984375 0.68279351531151 0.627167703125 0.6817356198521647 0.62219129765625 0.6727490021119324 0.6128587328124999 0.6711473210137275 0.609314728125 0.6733678025343189
0 0.8314910421875 0.7080508500527982 0.8294089171874999 0.7009753146779303 0.81947460546875 0.6981211942977824 0.820028375 0.7047576346356916 0.8314910421875 0.7080508500527982
0 0.33956402343750003 0.7329723790918691 0.33884782265625 0.7273688289334741 0.33180779140625 0.7264257909186905 0.33006902734375 0.7324035881731784 0.33956402343750003 0.7329723790918691
0 0.37096178984375 0.7517089482576558 0.3794822 0.7584750844772967 0.39164256796874997 0.7522527349524815 0.39523454999999996 0.7446482513199578 0.37608212734375 0.7445435596620908 0.37096178984375 0.7517089482576558
0 0.47294425859375 0.7075985512143611 0.474099775 0.7154874297782471 0.480261175 0.7118598099260824 0.47294425859375 0.7075985512143611
0 0.48281209374999995 0.7007175586061246 0.48286007109374995 0.6953335575501584 0.47538072343750004 0.6921051890179515 0.47347952890625 0.6991158775079197 0.48281209374999995 0.7007175586061246
0 0.32775799453125 0.7166258299894404 0.32889501171875 0.7093955945089757 0.32048905625 0.7069805691657867 0.3199537859375 0.7154632439281943 0.32775799453125 0.7166258299894404
0 0.20880809921875 0.5842119155227034 0.20641961171875 0.5943212756071805 0.20954279921875002 0.6049345786694826 0.22825590624999997 0.6027539408658923 0.22474137968750002 0.5844713062302006 0.2164978546875 0.5810233907074973 0.20880809921875 0.5842119155227034
0 0.18572033359375 0.578658373812038 0.18954122265625 0.5797561129883844 0.193782928125 0.5680200665258711 0.18815679921875 0.5631650116156283 0.18521454140625 0.5666379324181626 0.18572033359375 0.578658373812038
0 0.2372081109375 0.5610640612460401 0.23634797812500002 0.5716125163674762 0.2419741078125 0.5764675712777192 0.2491765703125 0.5763777191129884 0.25124019609375 0.5683341393875396 0.24883320859375 0.5633243854276664 0.2372081109375 0.5610640612460401
0 0.092590053125 0.4547419725448786 0.08862523203125 0.4697962397043295 0.09272300624999999 0.4742121974656811 0.10154977812499999 0.46379343717001054 0.10229545703125001 0.4488938711721225 0.097547959375 0.44860947518479405 0.092590053125 0.4547419725448786
0 0.11458877890625001 0.462141747624076 0.11296446874999999 0.47247065575501584 0.11782642031249999 0.47710616156283 0.12725493906250002 0.4679398394931362 0.128229525 0.4617424952481521 0.12292825781250001 0.4548216589229145 0.11458877890625001 0.462141747624076
0 0.09864045703124999 0.3603996652587117 0.09488604453125 0.3690370390707497 0.09882138671875 0.374485889123548 0.10655911953125 0.3659133621964097 0.10911003828125002 0.3547711108764519 0.10452497187500001 0.3534538247096093 0.09864045703124999 0.3603996652587117
0 0 0.6495135184794086 0.0094392078125 0.6381277634635693 0.004414825 0.6345251478352693 0 0.6368986029567053 0 0.6495135184794086
0 0.11982763203124999 0.5964323917634635 0.12457513046874999 0.596716787750792 0.1295330359375 0.5905842903907075 0.1268491640625 0.5822563157338966 0.12008601796875 0.5846314973600845 0.11982763203124999 0.5964323917634635
0 0.70843991484375 0.6575845533262935 0.70756128359375 0.6530138944033791 0.70008193671875 0.6497855258711721 0.69850560390625 0.6547304329461457 0.70843991484375 0.6575845533262935
0 0.47764032109375 0.7996305248152059 0.47692412109375004 0.7940269757127771 0.4698840890625 0.7930839366420275 0.46967368125000003 0.7995008299894404 0.47764032109375 0.7996305248152059
0 0.41438697265625 0.7447529429778247 0.41290659375 0.7389298458289335 0.40815909609374995 0.7386454498416051 0.40734694140625 0.7438099039070749 0.41438697265625 0.7447529429778247
0 0.33475756953125 0.7736942164730728 0.33191126640625 0.7663991319957761 0.3283672625 0.7686196145723337 0.33044938749999997 0.7756951499472017 0.33475756953125 0.7736942164730728
0 0.296157340625 0.7550474984160507 0.29527870859375 0.7504768405491024 0.28900285546875 0.7497533495248152 0.288792446875 0.7561702418162618 0.296157340625 0.7550474984160507
0 0.32859210703124997 0.6402169144667371 0.32611864296875004 0.6254720475184794 0.32072142109375 0.6293192154171067 0.32171450703125004 0.6382409852164731 0.32859210703124997 0.6402169144667371
0 0.484801721875 0.6321975216473072 0.49037987421875 0.6424365776135164 0.49992284765625 0.6376213674762408 0.4975638375 0.6272276114044351 0.48839370390625003 0.6245930390707497 0.484801721875 0.6321975216473072
0 0.55835470078125 0.6317380960929251 0.5531678875 0.6291683706441394 0.55050251484375 0.6359595110876451 0.5612380031249999 0.6692714086589229 0.57154515390625 0.6646757455121437 0.57333189453125 0.6533139461457234 0.5614778890625 0.6423513991552271 0.55835470078125 0.6317380960929251
0 0.58458415390625 0.6630240549102429 0.59056462265625 0.6453102111932418 0.5801909953125 0.6401707613516368 0.57983665546875 0.6627396589229145 0.58458415390625 0.6630240549102429
0 0.41535403750000005 0.687814252375924 0.41966221953125 0.6858133189017951 0.41310948124999997 0.6817716071805702 0.4118580109375 0.6846507317845829 0.41535403750000005 0.687814252375924
0 0.43311105781250003 0.7069500739176346 0.43044568515625 0.7137412133051741 0.43551804531249994 0.7119598278775079 0.43311105781250003 0.7069500739176346
0 0.4954192984375 0.7475218848996832 0.49530484453124995 0.7431707740232313 0.48995559999999994 0.7416339398099261 0.4891434453125 0.7467983938753959 0.4954192984375 0.7475218848996832
0 0.50281366953125 0.725896025343189 0.4998049359375 0.7196338321013728 0.49626093125 0.7218543136219642 0.49774131015625 0.7276774118268216 0.50281366953125 0.725896025343189
0 0.75283276796875 0.8171583548046463 0.7515148203125 0.8103023674762408 0.7446372203125 0.8083264371700106 0.74426438046875 0.8157762206969377 0.75283276796875 0.8171583548046463
0 0.752725834375 0.8635485892291447 0.75545768359375 0.8664925617740232 0.76145665234375 0.863897833157339 0.76095086015625 0.8518773907074974 0.75145586484375 0.8513085997888068 0.752725834375 0.8635485892291447
0 0.7966307890625 0.802752565997888 0.7943862328125 0.7967099218585005 0.7869068859375 0.7934815533262937 0.78669647734375 0.7998984456177403 0.7966307890625 0.802752565997888
0 0.7419163492187499 0.7697602344244984 0.7421267578124999 0.7633433421330518 0.7338832328125 0.7598954255543822 0.731542721875 0.7646207845828933 0.7419163492187499 0.7697602344244984
0 0.7496355828125 0.7460685934530096 0.74958760546875 0.7514525955649419 0.75984677890625 0.7522409334741288 0.7496355828125 0.7460685934530096
0 0.78507562578125 0.7238637782470961 0.78419699375 0.7192931193241816 0.7768800773437501 0.7150318606124604 0.77683210078125 0.7204158616684266 0.78507562578125 0.7238637782470961
0 0.7434666625 0.6989548680042239 0.7395313195312501 0.6935060179514255 0.7340196437500001 0.6930020749736009 0.73533759140625 0.6998580633579725 0.7434666625 0.6989548680042239
0 0.7309629320312501 0.692123883843717 0.7308484789062499 0.6877727729672651 0.724133309375 0.6847639524815206 0.7231587234375 0.690961297782471 0.7309629320312501 0.692123883843717
0 0.79761981171875 0.6745694139387539 0.7994065531250001 0.6632076156282999 0.7914399125 0.6630779197465682 0.78652998359375 0.6638264149947202 0.79761981171875 0.6745694139387539
0 0.7620762937500001 0.6568008880675819 0.7611976625 0.6522302291446673 0.7537183148437501 0.6490018616684267 0.75274372890625 0.6551992059134107 0.7620762937500001 0.6568008880675819
0 0.77271582734375 0.7008807888067582 0.77190367265625 0.7060452428722281 0.77894370390625 0.7069882819429779 0.77271582734375 0.7008807888067582
0 0.6724426453125 0.7595165047518478 0.67079983515625 0.754726297782471 0.66468641328125 0.7529699165786694 0.6644760046875 0.7593868088701162 0.6724426453125 0.7595165047518478
0 0.70643585 0.8480903970432946 0.70419129375 0.8420477518479409 0.69807787109375 0.8402913706441394 0.6992333875 0.8481802492080253 0.70643585 0.8480903970432946
0 0.628803596875 0.8592529788806759 0.6278290109375 0.8654503241816262 0.636722259375 0.8647666758183737 0.628803596875 0.8592529788806759
0 0.59966136484375 0.8109368236536431 0.5973688312500001 0.8102781805702217 0.5967670843749999 0.809025742344245 0.59584047578125 0.8098390855332629 0.5935479421875 0.8091804424498416 0.5926213328125 0.8099937845828934 0.59229647109375 0.8120595670538543 0.59349996484375 0.8145644435058078 0.5963942453125 0.8164755258711721 0.599011640625 0.8150683864836326 0.59966136484375 0.8109368236536431
0 0.615642621875 0.8058122133051742 0.6176582703125 0.8031526356916578 0.6167796390625 0.7985819778247095 0.61791665625 0.7913517412882787 0.616111415625 0.7875944266103484 0.61518480703125 0.7884077687434002 0.6128922734375 0.7877491256599789 0.61120148671875 0.7883429218585005 0.60318686953125 0.7935972280887011 0.60100878984375 0.7972896958817317 0.6018874210937499 0.80186035374868 0.60570831015625 0.8029580929250264 0.60631005703125 0.8042105311510032 0.6131876578125001 0.8061864604012672 0.615642621875 0.8058122133051742
0 0.6953494796874999 0.7509838215417107 0.69261763046875 0.7480398489968321 0.68956091953125 0.7471616578669483 0.6886343109374999 0.7479750010559661 0.68814701796875 0.7510736737064413 0.6895129421874999 0.7525456599788807 0.693935578125 0.7548958373812038 0.69578879609375 0.7532691510031678 0.6953494796874999 0.7509838215417107
0 0.663530896875 0.7450810380147834 0.66341644296875 0.7407299260823653 0.661286340625 0.7390383928194298 0.6582296289062499 0.7381602016895459 0.6573030203125 0.7389735448785639 0.65681572734375 0.7420722175290391 0.65862096796875 0.7458295332629356 0.6595475765625001 0.7450161900739177 0.6626042875 0.7458943801478353 0.663530896875 0.7450810380147834
0 0.6939095578125001 0.6890353769799366 0.6930309265625 0.6844647180570221 0.688445859375 0.6831474318901795 0.68751925078125 0.6839607750791975 0.6870319578124999 0.6870594477296726 0.68839788203125 0.6885314340021119 0.690690415625 0.6891900770855333 0.6912921625 0.69044251531151 0.6939095578125001 0.6890353769799366
0 0.6753109054687501 0.6955671267159451 0.67088826953125 0.693216949313622 0.6691974828125 0.6938107444561774 0.66854775859375 0.6979423072861669 0.66914950546875 0.6991947465681099 0.6744987499999999 0.700731580781415 0.67618953671875 0.7001377845828933 0.6753109054687501 0.6955671267159451
0 0.62711972578125 0.6871196219640971 0.6254289390625 0.6877134171066526 0.62433989921875 0.6895596504751847 0.62614513984375 0.6933169662090812 0.6299660289062501 0.6944147053854277 0.63198167734375 0.6917551277719113 0.6317047921875 0.6884369081309398 0.62711972578125 0.6871196219640971
0 0.2336201921875 0.7057734656810982 0.2409371078125 0.7100347243928194 0.24448111250000001 0.707814242872228 0.2450163828125 0.6993315691657866 0.232187790625 0.6945663664202746 0.2336201921875 0.7057734656810982
0 0.21088676640625 0.6776510274551214 0.20864221015625 0.6716083822597677 0.20296810390625 0.6721373294614572 0.20292012656249997 0.6775213315733897 0.21088676640625 0.6776510274551214
0 0.202558265625 0.649348883843717 0.20707685625 0.6409310580781415 0.2008489796875 0.6348235649419218 0.19802117578125 0.6426475955649419 0.202558265625 0.649348883843717