0 0.4781945033333333 0.75464224 0.4858971333333333 0.7204880850000001 0.4720398083333333 0.7105285299999999 0.4591607966666667 0.7157049125 0.45240551 0.7261845925 0.4571505266666667 0.7527475525 0.4781945033333333 0.75464224
0 0.5134879016666667 0.5851655575 0.5101525650000001 0.5761533475 0.49652640666666664 0.586806405 0.50630125 0.593230425 0.5134879016666667 0.5851655575
0 0.494778275 0.6832720675 0.49423132666666664 0.6705509475 0.4862975283333334 0.68409249 0.494778275 0.6832720675
0 0.4882768283333333 0.60823944 0.48772988 0.5955183199999999 0.47614496333333334 0.607939145 0.4882768283333333 0.60823944
0 0.46995929833333333 0.525015025 0.4666239616666667 0.516002815 0.4432229616666667 0.5202318524999999 0.41404499 0.5500765049999999 0.415339085 0.55732095 0.43123765166666667 0.56904827 0.44411666166666663 0.56387189 0.46331959500000003 0.5458010125 0.46234128166666666 0.5306650775 0.46995929833333333 0.525015025
0 0.396767715 0.559608845 0.42347308 0.5255816074999999 0.41090984999999997 0.5228664975 0.352207155 0.5516368899999999 0.3458832333333334 0.564531385 0.396767715 0.559608845
0 0.28211973999999995 0.5746303075 0.2676308533333333 0.580453735 0.25337313333333333 0.606889775 0.256277105 0.6134871725 0.2830980533333333 0.5897662425 0.28211973999999995 0.5746303075
0 0.5856867966666667 0.7864960550000001 0.5806260000000001 0.7678245850000001 0.5632331416666667 0.7670506175 0.55808773 0.7768832525 0.5689564699999999 0.8087495124999999 0.580225605 0.80422018 0.5856867966666667 0.7864960550000001
0 0.6484636766666667 0.6163258675000001 0.6218429249999999 0.621849 0.6130463966666666 0.630560915 0.6185385583333333 0.6516471975 0.6451593116666667 0.6461240650000001 0.6484636766666667 0.6163258675000001
0 0.7292423066666667 0.537271585 0.7266541166666667 0.5227827 0.71420647 0.530373895 0.7175418066666667 0.5393861050000001 0.7292423066666667 0.537271585
0 0.692615545 0.5157580875 0.69163723 0.5006221525 0.6451510116666667 0.5011887349999999 0.6438878883333333 0.5327547 0.6524842183333333 0.5422405825 0.6742753416666667 0.5386585925 0.692615545 0.5157580875
0 0.7232651366666667 0.581085 0.7155315366666667 0.5764287475 0.70567208 0.59850883 0.7232651366666667 0.581085
0 0.68278706 0.5766485800000001 0.6810615983333334 0.56698932 0.6601332066666666 0.5754009400000001 0.6542406500000001 0.59071025 0.6700236316666667 0.592131265 0.68278706 0.5766485800000001
0 0.9242458433333334 0.5857163575 0.91930063 0.577351195 0.8763809183333332 0.6075426 0.8433206599999999 0.615653925 0.8302414516666667 0.6390281025 0.9063370066666666 0.6110316775 0.9242458433333334 0.5857163575
0 0.9335810216666666 0.4447902325 0.9245533266666667 0.4328895375 0.8543193583333334 0.40676623999999995 0.8406932 0.41741929749999995 0.8709960416666667 0.45182729250000003 0.8976167933333333 0.44630415999999995 0.9192077183333334 0.46091996749999997 0.9335810216666666 0.4447902325
0 0.757117885 0.35524715749999997 0.7513099416666666 0.34205236749999995 0.72468919 0.34757550000000004 0.7196593633333334 0.36771444000000003 0.74757421 0.36943575 0.757117885 0.35524715749999997
0 0.8775738016666665 0.3534204875 0.8710187133333332 0.34570237249999997 0.8452606916666666 0.356055135 0.8358325999999999 0.38055003249999997 0.8452916616666667 0.3948655425 0.8646101783333334 0.3871009725 0.8775738016666665 0.3534204875
0 0.9923683316666667 0.38751574 0.9893487766666668 0.3706120375 0.97831081 0.3957539825 0.9923683316666667 0.38751574
0 0.9477768 0.340733375 0.9419688566666667 0.3275385825 0.92489178 0.318873125 0.9124441333333334 0.32646432 0.928458285 0.3484979475 0.9477768 0.340733375
0 0.9750457116666666 0.6092979199999999 0.9616197516666667 0.60175318 0.9418698700000001 0.6071029375 0.9419854550000001 0.6174092425 0.9517602966666667 0.6238332625 0.9750457116666666 0.6092979199999999
0 0.37600854833333336 0.5110122575 0.37385172333333333 0.49893818500000003 0.35786854333333334 0.5157149675 0.37600854833333336 0.5110122575
0 0.37735628666666665 0.45094219 0.364477275 0.45611857 0.366202735 0.46577782749999996 0.37865038166666665 0.4581866325 0.37735628666666665 0.45094219
0 0.3293757766666667 0.462462125 0.33043870333333336 0.44909395750000003 0.3033865866666666 0.452202275 0.305658995 0.474582655 0.3293757766666667 0.462462125
0 0.32900635166666664 0.53766813 0.32834382 0.5146407024999999 0.31043498166666667 0.539956025 0.32900635166666664 0.53766813
0 0.30830912666666666 0.56669236 0.30658366666666664 0.5570331025 0.2957458966666667 0.56397725 0.2970399933333333 0.5712216925 0.30830912666666666 0.56669236
0 0.26972573666666666 0.51490699 0.26874742333333335 0.499771055 0.24942890666666664 0.5075356275 0.24278920333333331 0.528321615 0.26972573666666666 0.51490699
0 0.23091947666666665 0.58744434 0.22833128666666666 0.5729554525 0.21749351666666664 0.5798996000000001 0.21686195500000002 0.5956825825 0.23091947666666665 0.58744434
0 0.22093614000000003 0.45428278749999995 0.17703811166666666 0.46933825749999997 0.17522803833333334 0.4881831025 0.18296163833333334 0.492839355 0.21708482333333332 0.471359865 0.22093614000000003 0.45428278749999995
0 0.17847876166666665 0.525699415 0.17750044833333334 0.51056348 0.16815697 0.506554275 0.15990739166666668 0.52798731 0.17847876166666665 0.525699415
0 0.5355865066666666 0.42875674750000003 0.5310726583333334 0.4228063975 0.5113227766666666 0.428156155 0.5035045633333333 0.452004005 0.5308724616666667 0.441004195 0.5355865066666666 0.42875674750000003
0 0.5905225016666666 0.38855933 0.5863244333333334 0.37471749000000004 0.56990989 0.38907945750000006 0.5905225016666666 0.38855933
0 0.5353553383333334 0.408144135 0.5324513666666667 0.40154673750000003 0.5138799966666666 0.40383463249999996 0.5100286816666666 0.42091171000000005 0.5258116650000001 0.42233272499999996 0.5353553383333334 0.408144135
0 0.4517573516666667 0.4520969175 0.4514106 0.42117800000000005 0.42844096499999995 0.42782185 0.42513660000000003 0.45762005 0.4517573516666667 0.4520969175
0 0.35774466 0.36047333000000004 0.35162093666666666 0.35517003 0.334459245 0.37500867499999996 0.34820098666666666 0.37466192249999997 0.35774466 0.36047333000000004
0 0.393246555 0.31773418 0.38637568333333333 0.317907555 0.37714779 0.3242046575 0.3749063516666667 0.3406346875 0.3926149916666667 0.3335171625 0.393246555 0.31773418
0 0.34526604333333333 0.3292541175 0.34911735833333335 0.31217704 0.32433765166666667 0.337665735 0.34526604333333333 0.3292541175
0 0.6629359666666667 0.32063178000000003 0.66356753 0.304848795 0.6430705016666667 0.31567523000000003 0.6629359666666667 0.32063178000000003
0 0.6093786816666666 0.339569535 0.6020764466666666 0.33732809750000003 0.58275793 0.3450926675 0.5828735133333334 0.355398975 0.6071372433333334 0.35599956499999996 0.6093786816666666 0.339569535
0 0.6188770116666666 0.5376307849999999 0.61597304 0.5310333899999999 0.6006214233333333 0.53202719 0.598695765 0.5405657275 0.6084706083333333 0.5469897475 0.6188770116666666 0.5376307849999999
0 0.9263468033333333 0.12417403249999999 0.9523359933333334 0.1344338825 0.9467282466666668 0.1030412925 0.9338492349999999 0.1082176725 0.9263468033333333 0.12417403249999999
0 0.87370589 0.080626905 0.8686450933333333 0.061955437499999995 0.85286211 0.0605344225 0.848695015 0.08550299 0.8697389916666667 0.0873976775 0.87370589 0.080626905
0 0.7842636399999999 0 0.784438215 0.015566279999999998 0.79830942 0 0.7842636399999999 0
0 0.7040118533333333 0 0.7063860316666667 0.0132908325 0.7172238016666667 0.0063466849999999995 0.716090075 0 0.7040118533333333 0
0 0.56212872 0.055742135 0.5615817716666667 0.043021015 0.5516067316666667 0.054794792499999995 0.56212872 0.055742135
0 0.48522407833333336 0.0115944175 0.4787845733333333 0.0141826075 0.46558977999999995 0.02725048 0.4637797066666667 0.046095325 0.48255127499999995 0.025609635000000002 0.48522407833333336 0.0115944175
0 0.8043656216666667 0.09814364749999999 0.7965164366666666 0.0831810875 0.7852473033333334 0.08771042250000001 0.7825744983333333 0.10172563750000001 0.8043656216666667 0.09814364749999999
0 0.7724838749999999 0.10319310749999999 0.7698956849999999 0.08870422 0.7602364266666667 0.0925865075 0.7648658583333333 0.10884316 0.7724838749999999 0.10319310749999999
0 0.7490828766666666 0.107422145 0.7484203433333334 0.08439472 0.7347941866666666 0.0950477775 0.7321213816666666 0.1090629925 0.7490828766666666 0.107422145
0 0.7716604149999999 0.2821092175 0.77154483 0.2718029125 0.7497537083333333 0.2753849025 0.7587814033333333 0.28728560000000003 0.7716604149999999 0.2821092175
0 0.731667345 0.2127731 0.7275848616666667 0.209237565 0.7030053516666667 0.216528465 0.7035523 0.22924958499999998 0.7253434233333333 0.225667595 0.731667345 0.2127731
0 0.8241547733333333 0.27653963000000004 0.8224293133333334 0.26688037000000003 0.795377195 0.26998869 0.8112757616666667 0.28171601 0.8241547733333333 0.27653963000000004
0 0.66129512 0.2824684175 0.6567812716666667 0.27651807 0.6396195816666667 0.2963567125 0.655718345 0.2898862375 0.66129512 0.2824684175
0 0.6047182799999999 0.2845024725 0.6025614533333333 0.2724284 0.5872098366666666 0.2734222 0.5837898866666666 0.29291409 0.6047182799999999 0.2845024725
0 0.6553406233333333 0.22015691 0.645681365 0.224039195 0.6349591783333334 0.24128965000000002 0.6503107966666667 0.24029585 0.6570660833333333 0.22981617 0.6553406233333333 0.22015691
0 0.49463171999999994 0.6341553525 0.4917277483333333 0.627557955 0.481637125 0.6290254275 0.4725248166666666 0.6456288325 0.48390953500000006 0.651405805 0.49463171999999994 0.6341553525
0 0.36624808000000003 0.253527985 0.36452262 0.2438687275 0.34885521999999997 0.2527540175 0.36624808000000003 0.253527985
0 0.5509917666666666 0.360448435 0.5425110200000001 0.3612688575 0.5240552333333333 0.37386305999999997 0.5229923066666667 0.3872312275 0.5444676483333333 0.39154072749999996 0.5535799583333333 0.3749373225 0.5509917666666666 0.360448435
0 0.55446536 0.27364203 0.548341635 0.26833873 0.5217208833333333 0.2738618625 0.5149655966666666 0.28434154500000003 0.5361251566666667 0.2965425375 0.55446536 0.27364203
0 0.7836252766666667 0.88034863 0.7811217 0.83735564 0.7649073516666667 0.83351981 0.7639600083333333 0.8571942850000001 0.7758070616666667 0.90419648 0.7926529716666667 0.8922493275 0.7836252766666667 0.88034863
0 0.7496093766666667 0.7671990975 0.7438014333333334 0.754004305 0.735004905 0.76271622 0.7371617316666667 0.7747902925 0.7496093766666667 0.7671990975
0 0.5251740266666667 0.8341112900000001 0.5191349166666667 0.800303885 0.5061403216666667 0.7951739600000001 0.5021734216666667 0.8019447325 0.5097068266666667 0.8247987824999999 0.5251740266666667 0.8341112900000001
0 0.09484372833333334 0.9268373699999999 0.07969230833333334 0.9096333725 0.061667886666666664 0.9246423875 0.07886054833333334 0.9436141524999999 0.08231147 0.9629326675000001 0.09153936166666667 0.9566355675 0.09484372833333334 0.9268373699999999
0 0.4690202533333333 0.69362483 0.46525355166666665 0.6821978025 0.4617180166666666 0.69138339 0.4690202533333333 0.69362483
0 0.4420217783333334 0.629418635 0.4366452 0.6186386575 0.42741730666666666 0.6249357575 0.4275328916666667 0.6352420625 0.4420217783333334 0.629418635
0 0.16466070500000002 0.6994856 0.1582212 0.7020737925 0.155232615 0.7239804974999999 0.16457609166666667 0.7279897049999999 0.16466070500000002 0.6994856
0 0.6979611516666667 0.487727655 0.6941944499999999 0.47630063 0.682925315 0.4808299625 0.6830409000000001 0.49113627 0.6979611516666667 0.487727655
0 0.9041016433333334 0.23146612749999998 0.9028075483333333 0.224221685 0.8903599016666668 0.23181288 0.9041016433333334 0.23146612749999998
0 0.9478840866666667 0.20610435249999998 0.9273870583333333 0.216930785 0.9295438833333333 0.22900485750000002 0.9652769449999999 0.20687832 0.96225739 0.1899746175 0.9493783783333334 0.1951509975 0.9478840866666667 0.20610435249999998
0 0.8624450533333333 0.23009157 0.855027235 0.217543825 0.8336674766666667 0.22354063 0.8346457899999999 0.23867656499999998 0.8624450533333333 0.23009157
0 0.13129904 0.464428165 0.13118345666666667 0.4541218575 0.10907655166666667 0.46559533999999997 0.13129904 0.464428165
0 0.241371225 0.365835535 0.23846725500000002 0.35923814 0.22880799666666665 0.36312042499999997 0.23010209166666665 0.37036486750000003 0.241371225 0.365835535
0 0.23222794666666668 0.34362853250000003 0.22889261 0.3346163225 0.22009608166666667 0.3433282375 0.23222794666666668 0.34362853250000003