0 0.5766666666666667 0.6925 0.5633333333333334 0.6925 0.5516666666666666 0.7075 0.565 0.7375 0.585 0.7275 0.585 0.7 0.5766666666666667 0.6925
0 0.5033333333333333 0.5775 0.5016666666666667 0.5875 0.51 0.5925 0.5183333333333333 0.5825 0.5033333333333333 0.5775
0 0.5366666666666666 0.675 0.545 0.6725 0.535 0.6625 0.5366666666666666 0.675
0 0.53 0.6 0.5416666666666666 0.595 0.5283333333333333 0.5875 0.53 0.6
0 0.565 0.54 0.5783333333333334 0.54 0.5916666666666667 0.5225 0.5916666666666667 0.515 0.5583333333333333 0.4975 0.535 0.5025 0.5333333333333333 0.5125 0.5416666666666666 0.515 0.5433333333333333 0.53 0.565 0.54
0 0.59 0.4875 0.5783333333333334 0.495 0.61 0.5175 0.66 0.5025 0.6516666666666666 0.4925 0.59 0.4875
0 0.7566666666666667 0.5075 0.7383333333333333 0.4875 0.7233333333333334 0.4875 0.725 0.5025 0.755 0.515 0.7566666666666667 0.5075
0 0.49166666666666664 0.79 0.485 0.7825 0.4683333333333333 0.79 0.4666666666666667 0.81 0.475 0.825 0.4866666666666667 0.825 0.49166666666666664 0.79
0 0.41333333333333333 0.67 0.4033333333333333 0.665 0.37666666666666665 0.67 0.385 0.6975 0.4116666666666667 0.6925 0.41333333333333333 0.67
0 0.285 0.61 0.285 0.625 0.2966666666666667 0.6225 0.29833333333333334 0.6125 0.285 0.61
0 0.36666666666666664 0.5875 0.36 0.5575 0.315 0.575 0.31666666666666665 0.59 0.3383333333333333 0.605 0.36 0.6 0.36666666666666664 0.5875
0 0.29833333333333334 0.665 0.31833333333333336 0.675 0.305 0.6575 0.29833333333333334 0.665
0 0.35833333333333334 0.635 0.33666666666666667 0.635 0.33666666666666667 0.645 0.3516666666666667 0.655 0.36666666666666664 0.6475 0.35833333333333334 0.635
0 0.18833333333333332 0.745 0.155 0.75 0.10833333333333334 0.7375 0.105 0.7475 0.12666666666666668 0.765 0.205 0.7625 0.18833333333333332 0.745
0 0.13333333333333333 0.5975 0.15666666666666668 0.5525 0.14166666666666666 0.5475 0.07833333333333334 0.6 0.07166666666666667 0.615 0.08833333333333333 0.625 0.10666666666666667 0.6025 0.13333333333333333 0.5975
0 0.25666666666666665 0.44 0.23 0.445 0.22666666666666666 0.46 0.23833333333333334 0.47 0.265 0.4575 0.25666666666666665 0.44
0 0.155 0.515 0.14166666666666666 0.495 0.115 0.495 0.11 0.505 0.12833333333333333 0.5325 0.14833333333333334 0.5325 0.155 0.515
0 0.005 0.5825 0.02 0.585 0.005 0.565 0.005 0.5825
0 0.058333333333333334 0.49 0.043333333333333335 0.505 0.04 0.52 0.06 0.52 0.07166666666666667 0.4925 0.058333333333333334 0.49
0 0.09166666666666666 0.775 0.07166666666666667 0.7775 0.06 0.79 0.085 0.795 0.09333333333333334 0.785 0.09166666666666666 0.775
0 0.6216666666666667 0.4625 0.64 0.46 0.6216666666666667 0.45 0.6216666666666667 0.4625
0 0.6233333333333333 0.405 0.61 0.405 0.61 0.4125 0.6233333333333333 0.415 0.6233333333333333 0.405
0 0.655 0.385 0.6583333333333333 0.3975 0.6833333333333333 0.4 0.6816666666666666 0.3775 0.655 0.385
0 0.6716666666666666 0.47 0.69 0.465 0.6683333333333333 0.4475 0.6716666666666666 0.47
0 0.6966666666666667 0.48 0.6966666666666667 0.49 0.7083333333333334 0.49 0.7083333333333334 0.4825 0.6966666666666667 0.48
0 0.7233333333333334 0.41 0.725 0.425 0.7533333333333333 0.4275 0.7433333333333333 0.41 0.7233333333333334 0.41
0 0.775 0.465 0.775 0.48 0.79 0.4825 0.7866666666666666 0.4675 0.775 0.465
0 0.8116666666666666 0.3625 0.8066666666666666 0.345 0.7616666666666667 0.3475 0.7683333333333333 0.3625 0.805 0.37 0.8116666666666666 0.3625
0 0.8133333333333334 0.385 0.815 0.4 0.8333333333333334 0.395 0.8216666666666667 0.3775 0.8133333333333334 0.385
0 0.4766666666666667 0.435 0.45666666666666667 0.4375 0.4533333333333333 0.445 0.46 0.455 0.48833333333333334 0.455 0.4766666666666667 0.435
0 0.3933333333333333 0.4275 0.41333333333333333 0.42 0.395 0.4125 0.3933333333333333 0.4275
0 0.47 0.4125 0.45166666666666666 0.4175 0.45 0.425 0.46166666666666667 0.435 0.4766666666666667 0.4275 0.47 0.4125
0 0.5333333333333333 0.405 0.5383333333333333 0.435 0.565 0.43 0.5566666666666666 0.4025 0.5333333333333333 0.405
0 0.6183333333333333 0.3025 0.6133333333333333 0.31 0.625 0.32 0.6383333333333333 0.315 0.6183333333333333 0.3025
0 0.5883333333333334 0.2825 0.5783333333333334 0.28 0.5716666666666667 0.2825 0.575 0.2975 0.5933333333333334 0.2975 0.5883333333333334 0.2825
0 0.62 0.275 0.6416666666666667 0.275 0.6133333333333333 0.26 0.62 0.275
0 0.31166666666666665 0.39 0.33 0.3775 0.30833333333333335 0.375 0.31166666666666665 0.39
0 0.3933333333333333 0.3825 0.37333333333333335 0.3825 0.36666666666666664 0.3875 0.37166666666666665 0.4025 0.395 0.3925 0.3933333333333333 0.3825
0 0.4083333333333333 0.57 0.3933333333333333 0.575 0.39166666666666666 0.5825 0.4033333333333333 0.5875 0.4116666666666667 0.5775 0.4083333333333333 0.57
0 0 0.3225 0.023333333333333334 0.3025 0.013333333333333334 0.29 0 0.29 0 0.3225
0 0.08333333333333333 0.2125 0.06833333333333333 0.22 0.06666666666666667 0.24 0.07166666666666667 0.245 0.09166666666666666 0.235 0.08333333333333333 0.2125
0 0 0.135 0.043333333333333335 0.1775 0.06333333333333334 0.16 0.06166666666666667 0.145 0.043333333333333335 0.1475 0.03666666666666667 0.1325 0.01 0.125 0 0.125 0 0.135
0 0.12666666666666668 0.12 0.125 0.1325 0.14166666666666666 0.1425 0.13833333333333334 0.1225 0.12666666666666668 0.12
0 0.205 0.09 0.205 0.1075 0.21666666666666667 0.11 0.21666666666666667 0.095 0.205 0.09
0 0.295 0.045 0.2816666666666667 0.0425 0.28 0.0575 0.2866666666666667 0.0675 0.3 0.0625 0.295 0.045
0 0.36333333333333334 0.095 0.37333333333333335 0.09 0.3616666666666667 0.0825 0.36333333333333334 0.095
0 0.45166666666666666 0.03 0.43666666666666665 0.0225 0.43 0.0225 0.435 0.035 0.45666666666666667 0.0475 0.45166666666666666 0.03
0 0.14166666666666666 0.2125 0.13666666666666666 0.23 0.15833333333333333 0.225 0.15333333333333332 0.2125 0.14166666666666666 0.2125
0 0.16833333333333333 0.2075 0.16833333333333333 0.2225 0.17666666666666667 0.225 0.17833333333333334 0.2075 0.16833333333333333 0.2075
0 0.18833333333333332 0.195 0.19166666666666668 0.2175 0.20833333333333334 0.2125 0.20333333333333334 0.2 0.18833333333333332 0.195
0 0.19166666666666668 0.0725 0.175 0.08 0.17166666666666666 0.0875 0.18166666666666667 0.105 0.195 0.1025 0.19166666666666668 0.0725
0 0.19833333333333333 0.385 0.2 0.395 0.21333333333333335 0.395 0.22 0.38 0.19833333333333333 0.385
0 0.255 0.305 0.23 0.3075 0.22666666666666666 0.3125 0.235 0.3225 0.25666666666666665 0.3175 0.255 0.305
0 0.14833333333333334 0.4 0.14833333333333334 0.41 0.16166666666666665 0.41 0.175 0.3925 0.14833333333333334 0.4
0 0.31 0.345 0.30666666666666664 0.3525 0.31333333333333335 0.3575 0.33 0.3575 0.31 0.345
0 0.3616666666666667 0.32 0.3616666666666667 0.3325 0.38333333333333336 0.3325 0.37666666666666665 0.315 0.3616666666666667 0.32
0 0.325 0.3025 0.31166666666666665 0.29 0.3016666666666667 0.29 0.3016666666666667 0.3 0.31 0.3075 0.325 0.3025
0 0.54 0.6175 0.53 0.62 0.5283333333333333 0.6275 0.5416666666666666 0.64 0.5516666666666666 0.63 0.54 0.6175
0 0.5866666666666667 0.21 0.6033333333333334 0.2025 0.5866666666666667 0.2 0.5866666666666667 0.21
0 0.4583333333333333 0.4 0.455 0.3875 0.435 0.3825 0.4266666666666667 0.385 0.4266666666666667 0.4 0.43833333333333335 0.4125 0.4583333333333333 0.4
0 0.44 0.29 0.41333333333333333 0.295 0.4083333333333333 0.3025 0.43 0.3175 0.4483333333333333 0.2975 0.44 0.29
0 0.30666666666666664 0.9475 0.3016666666666667 0.925 0.2866666666666667 0.935 0.2916666666666667 0.9775 0.285 0.9925 0.30333333333333334 0.9975 0.30666666666666664 0.9475
0 0.30833333333333335 0.84 0.305 0.855 0.31833333333333336 0.8575 0.31833333333333336 0.845 0.30833333333333335 0.84
0 0.545 0.7875 0.5333333333333333 0.7975 0.5333333333333333 0.8325 0.5466666666666666 0.8175 0.55 0.7925 0.545 0.7875
0 0.9833333333333333 0.765 0.9966666666666667 0.74 0.9766666666666667 0.7325 0.965 0.755 0.9733333333333334 0.7825 0.9833333333333333 0.785 0.9833333333333333 0.765
0 0.8916666666666667 0.89 0.9083333333333333 0.9025 0.9033333333333333 0.885 0.8916666666666667 0.89
0 0.92 0.96 0.925 0.9325 0.9183333333333333 0.9275 0.92 0.96
0 0.9266666666666666 0.86 0.9233333333333333 0.87 0.935 0.8875 0.94 0.8725 0.9266666666666666 0.86
0 0.5633333333333334 0.675 0.57 0.67 0.565 0.6625 0.5633333333333334 0.675
0 0.5816666666666667 0.59 0.5783333333333334 0.6025 0.5933333333333334 0.6025 0.5916666666666667 0.5925 0.5816666666666667 0.59
0 0.865 0.5625 0.8583333333333333 0.5625 0.8633333333333333 0.59 0.8716666666666667 0.5825 0.865 0.5625
0 0.30833333333333335 0.5525 0.30666666666666664 0.565 0.32166666666666666 0.5625 0.32 0.5525 0.30833333333333335 0.5525
0 0.06333333333333334 0.3975 0.07666666666666666 0.3925 0.06333333333333334 0.39 0.06333333333333334 0.3975
0 0 0.3975 0.03833333333333333 0.405 0.03833333333333333 0.3925 0.016666666666666666 0.39 0.013333333333333334 0.38 0 0.38 0 0.3975
0 0.10833333333333334 0.365 0.10333333333333333 0.38 0.13166666666666665 0.3775 0.13 0.3625 0.10833333333333334 0.365
0 0.145 0.0025 0.155 0.0125 0.16166666666666665 0 0.145 0.0025
0 0.85 0.3225 0.8716666666666667 0.315 0.8483333333333334 0.3125 0.85 0.3225
0 0.7283333333333334 0.2625 0.7266666666666667 0.27 0.7383333333333333 0.27 0.7383333333333333 0.2625 0.7283333333333334 0.2625
0 0.7316666666666667 0.245 0.7433333333333333 0.24 0.7333333333333333 0.235 0.7316666666666667 0.245