0 0.2159064 0.1487824814814815 0.23186914352941176 0.11174962786596121 0.23702324352941176 0.07054590299823633 0.21622662352941177 0.07979788183421517 0.1876497776470588 0.07395367548500882 0.17280324705882352 0.08434989241622574 0.16205199647058824 0.10669263139329807 0.16838774470588236 0.14138796649029983 0.1964475176470588 0.16143017813051147 0.2159064 0.1487824814814815
0 0.18933186588235293 0.23643105643738976 0.20562287411764704 0.2064356931216931 0.22049407882352942 0.1712852380952381 0.19759644823529413 0.18606138977072312 0.17379608705882355 0.18148444620811288 0.1474597094117647 0.19838905114638447 0.1314149 0.233662532627866 0.14028666470588236 0.24687631922398587 0.17112865411764708 0.2507150987654321 0.18933186588235293 0.23643105643738976
0 0.1556588576470588 0.0454836860670194 0.16084567529411767 0.05554780952380953 0.17711200941176472 0.050306684303350974 0.17872062000000002 0.034226278659611996 0.15876933999999998 0.03631774250440917 0.1556588576470588 0.0454836860670194
0 0.04148179294117647 0.479998758377425 0.07426066 0.4747946225749559 0.09262800470588237 0.4640293245149912 0.13487777529411765 0.45960034215167545 0.13203816705882354 0.4492901622574956 0.11577183411764706 0.4545312892416226 0.09644436705882353 0.41942988183421515 0.08571779176470588 0.41701838271604935 0.05905314705882353 0.4268854991181658 0.031026091764705884 0.4581111375661375 0.03302036 0.4755818324514991 0.04148179294117647 0.479998758377425
0 0.1800411788235294 0.39121882186948853 0.17687330588235295 0.3738711552028219 0.14695872117647057 0.36463123104056433 0.1342952682352941 0.37126264902998235 0.12589122705882352 0.39335933333333334 0.16593324705882354 0.41744938800705467 0.1694540623529412 0.4170803068783069 0.16778805882352943 0.4066471005291005 0.1800411788235294 0.39121882186948853
0 0.20325903294117645 0.3074580723104056 0.19930321176470586 0.32378453262786594 0.21707141647058825 0.32545786772486773 0.2657883505882353 0.307975114638448 0.26865263411764706 0.29353105643738975 0.3093431435294117 0.255674 0.31340570470588236 0.2163526754850088 0.3104019635294118 0.20252375308641976 0.2959083752941177 0.19520321869488536 0.29061481647058823 0.20813396119929453 0.2328947 0.2601520299823633 0.20513851764705882 0.2719015467372134 0.19968082705882353 0.28131354320987656 0.20325903294117645 0.3074580723104056
0 0.3229999823529412 0.09335663668430336 0.3350642964705882 0.09916385361552028 0.3525042352941177 0.09379970017636684 0.3677857717647059 0.06744610582010582 0.36690771529411764 0.023338774250440918 0.35776507647058825 0.029601109347442683 0.338905334117647 0.029810172839506172 0.33622985882352946 0.02301873897707231 0.3222286670588235 0.026254439153439155 0.3132254870588235 0.06078975661375662 0.32100571411764706 0.0758859417989418 0.3229999823529412 0.09335663668430336
0 0.3964200094117647 0.09980392239858907 0.41225133647058826 0.11052017460317459 0.42903474352941173 0.09108104232804232 0.4468522976470588 0.0432459012345679 0.4334502458823529 0.034042968253968256 0.40989608470588235 0.03474414109347443 0.39294854470588236 0.05066452733686067 0.3806707494117647 0.09084704409171077 0.38124521411764706 0.10316265079365079 0.3873594376470588 0.10782562962962963 0.3964200094117647 0.09980392239858907
0 0.37051863882352937 0.10075115167548501 0.3507314905882353 0.10636135978835978 0.35021441647058826 0.12055936507936507 0.35632864000000003 0.12522234567901233 0.37510631647058823 0.12325390828924163 0.3756233894117647 0.10905590299823632 0.37051863882352937 0.10075115167548501
0 0.5860923423529412 0.19660720458553793 0.5865026752941176 0.20540406701940037 0.62577338 0.16239192239858907 0.6251989152941176 0.15007631746031747 0.6045664282352942 0.1628470405643739 0.5860923423529412 0.19660720458553793
0 0.6472592494117646 0.2184827689594356 0.6400781623529411 0.19094795061728395 0.628342114117647 0.19217822222222222 0.6274967752941176 0.1993387389770723 0.6035896729411765 0.21775666137566138 0.5935770211764706 0.2559337513227513 0.6008648482352941 0.2604737037037037 0.6218256011764707 0.2547404691358025 0.6472592494117646 0.2184827689594356
0 0.5673886905882353 0.12431292592592592 0.5772699270588235 0.1338849417989418 0.593454194117647 0.126884442680776 0.6057073152941177 0.11145616578483246 0.6063064552941176 0.09901753262786596 0.6159661670588235 0.07855719223985891 0.6174927117647058 0.060717414462081135 0.6067661364705882 0.058305917107583774 0.6014151858823529 0.04472304761904762 0.5785175552941176 0.05949919929453263 0.5611350094117648 0.09137696296296297 0.5629651447058823 0.10532891358024692 0.570417105882353 0.11338761199294532 0.5673886905882353 0.12431292592592592
0 0.6736701082352942 0 0.6667513952941176 0.0042824197530864205 0.6653889835294118 0.0256409417989418 0.6471610976470589 0.06467922222222222 0.6489665588235294 0.10338541093474428 0.6399633788235295 0.13792072839506173 0.6332500152941176 0.14569638095238094 0.6475794717647059 0.14949817107583774 0.6690572976470589 0.12956692945326279 0.6936702811764706 0.07571550793650793 0.6885902047058824 0.04265651675485009 0.7015550082352942 0 0.6736701082352942 0
0 0.7733296188235295 0 0.7733606211764706 0.014322430335097001 0.7804843164705881 0.015343638447971781 0.7893560811764706 0.028557425044091714 0.8001893976470588 0.0079740582010582 0.7998174458823529 0 0.7733296188235295 0
0 0.8278549247058824 0.17126358377425044 0.8352248188235294 0.17756290828924162 0.8539451035294118 0.149080860670194 0.865648434117647 0.09658273897707231 0.8489470929411764 0.11778124338624339 0.8278549247058824 0.17126358377425044
0 0.8500793905882353 0.2431887795414462 0.8654676682352941 0.1938403209876543 0.8663130082352941 0.18667980423280423 0.8614544552941176 0.18365316931216932 0.8418888329411764 0.2192957319223986 0.8382038847058824 0.2161460705467372 0.8252695576470588 0.24225360846560848 0.8259260894117647 0.2563285873015873 0.8377442035294118 0.25685768606701936 0.8500793905882353 0.2431887795414462
0 0.7866720164705882 0.19856440388007054 0.7715546129411764 0.22843674250440915 0.7689365294117647 0.24815891887125222 0.7831839199999999 0.25020133509700176 0.7966106447058824 0.23465002998236334 0.8020930117647058 0.20048379365079366 0.7866720164705882 0.19856440388007054
0 0.7088611611764706 0.22440095590828923 0.7327929388235295 0.18122879365079364 0.7314798752941176 0.1530788377425044 0.7363631023529412 0.13135123456790124 0.7144502694117647 0.16723985361552027 0.6914705717647059 0.1802566331569665 0.6748512976470589 0.20321450793650794 0.681539985882353 0.2201930934744268 0.6809408470588235 0.23263172663139328 0.7088611611764706 0.22440095590828923
0 0.8607818388235294 0.01753401587301587 0.8545034835294117 0.009352292768959434 0.8441051729411765 0.013978282186948854 0.8300546329411764 0.06672245855379189 0.8322951011764705 0.08947126984126984 0.8416018729411764 0.08672767901234568 0.8601826988235295 0.029972649029982364 0.8607818388235294 0.01753401587301587
0 0.8156184352941176 0.08591553615520282 0.8155610435294118 0.0594019241622575 0.8107845576470588 0.058134661375661374 0.8063937305882353 0.09041849911816578 0.8156184352941176 0.08591553615520282
0 0.7993762294117647 0.3192229241622575 0.8034715094117647 0.3311694479717813 0.8125320811764707 0.32314774074074076 0.8189992447058824 0.3100939717813051 0.8162417035294117 0.3015431657848325 0.7993762294117647 0.3192229241622575
0 0.6547766435294118 0.329077164021164 0.6472426164705882 0.3192590952380952 0.6323140211764705 0.32789593827160496 0.6134296035294118 0.352859241622575 0.6202003576470588 0.37159719929453267 0.6065274329411765 0.3818703880070547 0.5945205117647059 0.40257678306878303 0.6083082200000001 0.4453308148148148 0.6387152035294117 0.4651269717813051 0.6664960600000001 0.4286232169312169 0.6794057117647059 0.4272699171075838 0.6938419094117647 0.40807683950617285 0.6955325882352942 0.39375580776014113 0.691765574117647 0.3888467724867725 0.6705586223529412 0.38930189241622576 0.6654538705882354 0.380997139329806 0.656229165882353 0.38550010229276893 0.6475215329411764 0.37580505996472663 0.6441074600000001 0.35317927689594353 0.6547766435294118 0.329077164021164
0 0.7075808164705883 0.24751884832451498 0.7071704835294118 0.23872198765432098 0.6966080411764707 0.2398292328042328 0.6892955388235295 0.2600435185185185 0.7075808164705883 0.24751884832451498
0 0.6453550882352941 0.27879353439153437 0.6340293729411766 0.28882066843033505 0.6322566294117647 0.30138232804232806 0.641891665882353 0.3056762257495591 0.6610222823529411 0.2859910405643739 0.6581826752941177 0.275680860670194 0.6453550882352941 0.27879353439153437
0 0.6225148505882353 0.32008329629629634 0.6096051976470588 0.3214365961199294 0.59156612 0.33923938271604936 0.5969991364705882 0.3545816225749559 0.6188052282352942 0.34168787125220457 0.6242629199999999 0.33227587477954146 0.6225148505882353 0.32008329629629634
0 0.5613313117647059 0.3989840582010582 0.5436205 0.42382433333333336 0.5359550564705883 0.4617553686067019 0.5513760517647059 0.46367475837742506 0.5830059882352941 0.43383941093474426 0.578172111764706 0.4060585361552028 0.5613313117647059 0.3989840582010582
0 0.4895939211764706 0.3021936525573192 0.48053334823529414 0.3102153597883598 0.4786785376470588 0.32101764726631393 0.4869758376470588 0.32191582892416226 0.5005666952941177 0.3098832680776014 0.5012479023529411 0.2992040070546737 0.4895939211764706 0.3021936525573192
0 0.47360650352941175 0.3639807442680776 0.47663491882352943 0.3530554285714286 0.47371324470588233 0.34098587830687827 0.4538440294117647 0.3448367142857143 0.435123745882353 0.37331876190476193 0.4354520117647059 0.3803562504409171 0.4393010917647059 0.3870246578483245 0.4603439105882353 0.38305079365079364 0.47360650352941175 0.3639807442680776
0 0.45612525882352944 0.4948754620811287 0.4346474317647059 0.5148067037037037 0.44905895529411766 0.5203678641975309 0.4724489835294118 0.5161479470899472 0.5113667482352942 0.4908525520282187 0.4780954835294118 0.485500455026455 0.45612525882352944 0.4948754620811287
0 0.5036031541176471 0.3749800405643739 0.5005173470588236 0.3593917442680776 0.48684442117647064 0.36966493298059966 0.48960196352941177 0.37821573897707234 0.5036031541176471 0.3749800405643739
0 0.39020654117647063 0.4469783968253968 0.41032195529411764 0.44840567724867725 0.42500435176470586 0.43449071781305115 0.4256855576470588 0.42381145679012344 0.4067437494117647 0.42226114991181657 0.39020654117647063 0.4469783968253968
0 0.37596719411764706 0.5209580670194003 0.3977486105882353 0.5328185537918871 0.42558686 0.5228284109347443 0.4289435411764706 0.5189405837742505 0.42610393294117643 0.508630405643739 0.4059885188235294 0.5072031252204586 0.38890152117647053 0.49485052910052907 0.36089914 0.5013219294532627 0.35661505294117646 0.5106108994708995 0.3596187941176471 0.5244398218694885 0.37596719411764706 0.5209580670194003
0 0.29476694 0.49941459611992944 0.28445069647058824 0.5057999576719576 0.28024867647058826 0.5168482998236331 0.2923129894117647 0.5226555167548501 0.3152926870588235 0.5096387372134039 0.3149644211764706 0.5026012486772488 0.29476694 0.49941459611992944
0 0.393785294117647 0.2203024250440917 0.38682573176470586 0.22279996119929454 0.3826237117647059 0.23384830335096998 0.3888200011764706 0.2402706560846561 0.39921831176470585 0.23564466666666664 0.40099105529411766 0.22308300529100528 0.393785294117647 0.2203024250440917
0 0.3510758411764706 0.26544302292768956 0.33060748705882353 0.28173249206349205 0.33344709529411765 0.292042671957672 0.3430821329411765 0.29633656966490296 0.35910226705882353 0.28581732627865963 0.35978347294117646 0.2751380652557319 0.3510758411764706 0.26544302292768956
0 0.28795542588235296 0.3533867019400353 0.2895393623529412 0.36206053439153435 0.2968271905882353 0.36660048853615523 0.30965477647058826 0.3634878148148148 0.3162860729411765 0.3539527901234568 0.3143738705882353 0.33824146737213406 0.28795542588235296 0.3533867019400353
0 0.23404308352941178 0.5376037425044092 0.19981973764705882 0.5624070282186949 0.19335257411764703 0.5754607971781305 0.2252861023529412 0.577417176366843 0.23887696117647056 0.5653846155202822 0.23898370235294117 0.5423897495590829 0.23404308352941178 0.5376037425044092
0 0.25002191176470584 0.6526150634920634 0.25739180588235294 0.6589143880070547 0.2709005976470588 0.645122455026455 0.2681430564705882 0.6365716490299824 0.2564070082352941 0.637801922398589 0.25002191176470584 0.6526150634920634
0 0.7073093952941176 0.5198154708994709 0.7222379917647058 0.5111786278659611 0.7443970235294118 0.480568126984127 0.7517915929411765 0.46211321340388006 0.7289760294117648 0.47864873721340395 0.7073093952941176 0.5198154708994709
0 0.6760243564705883 0.4559119823633157 0.6571399388235294 0.48087528395061735 0.655367194117647 0.4934369453262787 0.6764100141176471 0.4894630811287478 0.7011624552941176 0.4638846419753086 0.70653808 0.45271327160493824 0.6760243564705883 0.4559119823633157
0 0.7527109552941176 0.3806899823633157 0.771488631764706 0.378721544973545 0.7907833811764706 0.3625551040564374 0.784857965882353 0.3366566296296296 0.7565026435294118 0.36084477777777774 0.7527109552941176 0.3806899823633157
0 0.7616814188235295 0.2948868148148148 0.7543935905882353 0.29034686243386243 0.7411309976470589 0.3094169118165785 0.7506839694117647 0.3119514373897707 0.7616814188235295 0.2948868148148148
0 0.7224107141176471 0.3378989594356261 0.7031980305882354 0.35582477248677247 0.7006620141176471 0.3773063209876543 0.7227143047058823 0.36969068606701944 0.734721225882353 0.348984291005291 0.7376675752941176 0.3362996049382716 0.7224107141176471 0.3378989594356261
0 0.6628765470588235 0.5280092522045855 0.6724295176470589 0.5305437795414463 0.6871939811764706 0.5183881904761904 0.697017825882353 0.5014465961199295 0.6828525023529411 0.5011635502645503 0.6628765470588235 0.5280092522045855
0 0.6158502894117648 0.5311709717813051 0.5978932776470588 0.5507331305114639 0.6041716341176471 0.5589148553791887 0.6147340764705882 0.5578076102292768 0.6282428694117647 0.5440156772486773 0.6264127329411765 0.5300637266313933 0.6158502894117648 0.5311709717813051
0 0.5641376564705882 0.6108468888888889 0.5852625423529412 0.6086323968253968 0.5984430682352941 0.587802975308642 0.5977044705882353 0.5719686243386244 0.588233565882353 0.5711934708994709 0.5641376564705882 0.6108468888888889
0 0.5893578211764705 0.6205789206349206 0.5464021694117647 0.6604414021164021 0.5445473588235294 0.6712436895943562 0.577654491764706 0.6730770423280423 0.5979587129411764 0.6532688289241623 0.5977371882352941 0.6232364744268079 0.5893578211764705 0.6205789206349206
0 0.5020186705882352 0.6191267072310406 0.48960141647058825 0.6310362398589066 0.4876645388235294 0.6400791569664903 0.5054327435294118 0.641752492063492 0.5186953364705882 0.6226824409171076 0.5195406752941176 0.6155219259259259 0.5020186705882352 0.6191267072310406
0 0.44158232 0.537063405643739 0.4208677658823529 0.5480747583774251 0.4191770882352941 0.5623957901234569 0.4334244776470588 0.5644382081128748 0.45045408470588233 0.5502771922398588 0.45121735764705884 0.54135730335097 0.44158232 0.537063405643739
0 0.46951872 0.6808768095238095 0.46021194823529415 0.6836204003527337 0.4548363235294118 0.6947917689594356 0.46673650352941176 0.697080241622575 0.4816651 0.6884433968253968 0.4789075576470588 0.6798925908289242 0.46951872 0.6808768095238095
0 0.4469820729411764 0.7539582980599647 0.4316431447058824 0.7537982804232803 0.42610338588235297 0.7614509065255731 0.4327920741176471 0.7784294920634921 0.47187397176470586 0.7566528412698412 0.4688702305882353 0.7428239188712522 0.4469820729411764 0.7539582980599647
0 0.38128488 0.7360935873015874 0.38052160823529413 0.7450134761904762 0.4073503847058823 0.7386651040564374 0.4044287105882353 0.7265955537918871 0.39135492470588235 0.7244301093474427 0.38128488 0.7360935873015874
0 0.03501353647058823 0.9986935291005291 0.05035246470588235 0.9988535467372134 0.06336885764705882 0.9745053791887125 0.06295852588235294 0.9657085185185186 0.03989676235294117 0.9769659259259258 0.03501353647058823 0.9986935291005291
0 0.15738865529411766 0.9169140917107584 0.14270625764705883 0.9308290529100529 0.1319550082352941 0.9531717918871252 0.13738802470588235 0.9685140335097002 0.16372440235294117 0.9516094268077602 0.16566128 0.9425665114638447 0.15738865529411766 0.9169140917107584
0 0.35402968588235295 0.5816009241622575 0.3650024611764706 0.5892905396825397 0.3749904388235294 0.5758676878306879 0.37449804 0.565311455026455 0.36276199294117645 0.5665417283950617 0.35402968588235295 0.5816009241622575