0 0.32278043671875 0.06740634002111932 0.3209189703125 0.078941186906019 0.3285631203125 0.085641651531151 0.33249425546875 0.08477059239704329 0.33669804375 0.07334630306230201 0.33293049921875 0.06788542555438226 0.32278043671875 0.06740634002111932
0 0.312565925 0.09967911932418162 0.31563449140625 0.1019371763463569 0.321127175 0.10113982154171067 0.32126350078125 0.09586320696937697 0.3166879171875 0.09142079936642027 0.31272951640625 0.09334718162618796 0.312565925 0.09967911932418162
0 0.3546731953125 0.10377980992608238 0.3552631125 0.11120392397043294 0.366892928125 0.11492268321013728 0.36948063750000004 0.10553533474128829 0.35790535234375 0.09970592925026399 0.3546731953125 0.10377980992608238
0 0.35633388671875 0.1302734424498416 0.35681474296875 0.14191884688489967 0.3621165703125 0.14850875395987329 0.374581690625 0.1501537191129884 0.38907186796875004 0.13393190073917635 0.36427795390625 0.12536535374868005 0.35633388671875 0.1302734424498416
0 0.36478856328125 0.04508710559662091 0.36459770625 0.05247436536430834 0.3752286265625 0.06459885533262937 0.384543384375 0.06715173389651531 0.3988699703125 0.05726185322069694 0.41674597890625 0.06127543400211193 0.42008719687499996 0.052980260823653647 0.39710021796875 0.03498951319957762 0.37604658281250003 0.03293916789862724 0.36478856328125 0.04508710559662091
0 0.58224281953125 0.07014352692713834 0.57924613125 0.09536071911298838 0.59782111796875 0.10257712143611404 0.614090965625 0.07798642449841606 0.612829334375 0.06630416684266104 0.59985609296875 0.054069118268215415 0.5927299828125 0.027317518479408658 0.5908412515625 0.03990768848996832 0.59433614375 0.055921796198521646 0.58224281953125 0.07014352692713834
0 0.2129094125 0.05376752798310454 0.21269129062499997 0.06221011087645196 0.22256870156250003 0.07324242555438226 0.22897848515625002 0.06720530939809927 0.22836130312499997 0.06083651847940866 0.22079894921875 0.05097008553326293 0.2129094125 0.05376752798310454
0 0.12679302890625 0 0.126716915625 0.001095171066525871 0.13281686484375 0.0373078257655755 0.1424216234375 0.05889336958817318 0.1533251953125 0.06046462935586062 0.1522816859375 0.04033978880675818 0.13021340234375 0 0.12679302890625 0
0 0.122121496875 0.05793519957761352 0.12187611015625 0.0674331055966209 0.12712340625000002 0.07613365786694826 0.13183531640624999 0.07529945089757129 0.12755965 0.05924849102428722 0.122121496875 0.05793519957761352
0 0.181157921875 0.16321288701161563 0.1834184484375 0.16648941393875394 0.19128071953125 0.16474729461457235 0.18606068828125 0.154991419218585 0.181157921875 0.16321288701161563
0 0.18626889296875 0.17719005385427666 0.18685881015625 0.18461416789862725 0.19305047265625 0.18701963463569166 0.19394030703125 0.18283519535374868 0.1909535375 0.17741117001055964 0.18626889296875 0.17719005385427666
0 0.2339506421875 0.17732742238648364 0.23621116875 0.18060394931362195 0.24834910625 0.1949127909186906 0.26401911796875 0.1935391985216473 0.26351099609375 0.182949116156283 0.255866846875 0.17624865153115102 0.23645655546875002 0.17110604223864836 0.2339506421875 0.17732742238648364
0 0.27688578671875 0.11912720696937697 0.278256478125 0.1265881731784583 0.2852561796875 0.12797517001055966 0.287008584375 0.12066161457233368 0.27688578671875 0.11912720696937697
0 0.1852328140625 0.2172923262935586 0.18342587890625 0.2267165269271383 0.19109729296875 0.23236166842661035 0.20824705781250002 0.23422775079197466 0.2060955921875 0.2267299324181626 0.19306781953125002 0.21660553009503697 0.1852328140625 0.2172923262935586
0 0.52405407109375 0.1741146029567054 0.52469851875 0.17942807074973602 0.53791714765625 0.18216521224920804 0.5420391398437501 0.17390689229144668 0.537490821875 0.16840916050686378 0.52890230703125 0.16800378141499472 0.52405407109375 0.1741146029567054
0 0.55416964765625 0.12798861985216473 0.5564301742187501 0.13126514677930307 0.5626491015624999 0.1326152914466737 0.5659630546875001 0.12537544139387538 0.55584025625 0.12384103379091868 0.55416964765625 0.12798861985216473
0 0.5672792156249999 0.13494705385427666 0.5686499070312501 0.14240801900739178 0.57481430390625 0.14586880992608237 0.58203212734375 0.1388132228088701 0.57204565546875 0.13200220063357973 0.5672792156249999 0.13494705385427666
0 0.60508355390625 0.12405210665258712 0.60645424609375 0.1315130728616684 0.61507002578125 0.13086312988384372 0.6167951656249999 0.12460489757127773 0.60508355390625 0.12405210665258712
0 0.60846938515625 0.14428750686378033 0.60916836328125 0.147490328405491 0.6247565804687499 0.14928270432946147 0.6304401203125 0.14109808975712776 0.619672875 0.13425021436114043 0.60846938515625 0.14428750686378033
0 0.47418367265625 0.19817595670538543 0.47313024609375 0.20869233368532208 0.48408834921875005 0.20815294825765576 0.48586801875 0.199784070749736 0.47418367265625 0.19817595670538543
0 0.43925210078125004 0.06762077613516367 0.4358290875 0.07908191763463569 0.44656906796875007 0.086985116156283 0.45295158671875 0.08200332312565997 0.4530879125 0.0767267085533263 0.45015567265625 0.06919203695881733 0.43925210078125004 0.06762077613516367
0 0.40281845390625 0.08597668848996831 0.40103878359375 0.09434556705385427 0.40644967187500003 0.09671418162618796 0.41051713359375 0.09056650686378036 0.40281845390625 0.08597668848996831
0 0.46629911171874994 0.019236737064413936 0.46672543749999995 0.03299278775079197 0.47377966953125006 0.0322691393875396 0.47545027890625 0.02812155227032735 0.4751057484375 0.011199532206969377 0.46961306484375004 0.01199688701161563 0.46629911171874994 0.019236737064413936
0 0.45823606640625 0.059007334741288275 0.46052385781250005 0.061228538542766636 0.46830433359374996 0.06265238859556495 0.47075571640625 0.05854165469904963 0.467768946875 0.05311762935586061 0.46079651015625 0.05067530834213305 0.45823606640625 0.059007334741288275
0 0.6653766679687501 0.08991660823653642 0.66577572890625 0.10472798204857443 0.6704058429687499 0.1070597444561774 0.6760075875 0.10204109820485745 0.6764165656250001 0.0862112544878564 0.6726490218750001 0.08075037592397044 0.6653766679687501 0.08991660823653642
0 0.697014121875 0.16642920274551212 0.6991655875 0.17392702217529038 0.70694606328125 0.1753508711721225 0.7125750734375 0.16927690285110877 0.70105431875 0.16133685216473073 0.697014121875 0.16642920274551212
0 0.68314855703125 0.24924692502639914 0.68616259296875 0.2536156282998944 0.69407939453125 0.24976286272439283 0.6879422625 0.24524674973600843 0.68314855703125 0.24924692502639914
0 0.7244378703125001 0.28500730517423445 0.7211239171875 0.29224715417106656 0.73049320625 0.2926893864836325 0.7329991203125 0.2864680073917635 0.7244378703125001 0.28500730517423445
0 0.73415168984375 0.3023715564941922 0.7339608328125 0.3097588173178459 0.7503298234375 0.31158804646251315 0.75684866875 0.3013296388595565 0.75071153671875 0.2968135258711721 0.73972616953125 0.2984082333685322 0.73415168984375 0.3023715564941922
0 0.541838365625 0.2119353706441394 0.5408667351562501 0.2192857782470961 0.5517157765625 0.22296768532206968 0.5556469125 0.22209662513199577 0.5557559734375 0.21787533368532208 0.5481390890625 0.2101195459345301 0.541838365625 0.2119353706441394
0 0.59573904296875 0.2134228827877508 0.5971915296875 0.21771788067581838 0.6049447406249999 0.22019705279831045 0.6113817898437499 0.21310461351636747 0.6083677546875 0.20873591129883845 0.6013407875000001 0.20840423759239704 0.59573904296875 0.2134228827877508
0 0.5387053515625 0.24242917740232314 0.54010330859375 0.24883482048574446 0.5463222359375 0.2501849651531151 0.5488281500000001 0.24396358606124602 0.5387053515625 0.24242917740232314
0 0.5963636554687499 0.28001878669482577 0.59698083828125 0.28638757655755015 0.60941869296875 0.28908786589229146 0.61666378125 0.2809769567053854 0.60430772265625 0.2751106990496304 0.5963636554687499 0.28001878669482577
0 0.76328820546875 0.20336886906019006 0.75916621328125 0.2116271890179514 0.7667013015624999 0.22254894508975712 0.77779573046875 0.2167329450897571 0.78110968359375 0.20949309503695882 0.7695616632812501 0.20260836747624075 0.76328820546875 0.20336886906019006
0 0.75847466484375 0.2686514804646251 0.7599271523437501 0.27294647729672655 0.77010448046875 0.27237023970432944 0.7741992078125 0.2651672418162619 0.76176135234375 0.2624669535374868 0.75847466484375 0.2686514804646251
0 0.8256683367187501 0.20948305279831045 0.825395684375 0.22003628194297783 0.8317509382812499 0.21610981203801477 0.8359001953125 0.20679616895459346 0.8352830125 0.20042737803590285 0.8313791421875001 0.2002431151003168 0.8256683367187501 0.20948305279831045
0 0.8425181835937501 0.2229576874340021 0.84054765703125 0.2387138257655755 0.8493542937499999 0.23067662196409716 0.84959968125 0.22117871488912355 0.8425181835937501 0.2229576874340021
0 0.705952109375 0.3348520464625132 0.7089661445312501 0.33922074973600846 0.7145133593749999 0.33631274973600844 0.713060871875 0.33201775184794086 0.705952109375 0.3348520464625132
0 0.7435829390625 0.3609302565997888 0.74506269140625 0.3641699303062302 0.753678471875 0.36351998732840546 0.7561571203125 0.3583539303062302 0.74678783125 0.35791169799366424 0.7435829390625 0.3609302565997888
0 0.77341594609375 0.3559987212249208 0.77330688515625 0.36022001267159454 0.78267617421875 0.3606622449841605 0.78593559609375 0.3555330411826822 0.7781823859375 0.3530538680042239 0.77341594609375 0.3559987212249208
0 0.602371890625 0.3500386272439282 0.60686567890625 0.3576470042238648 0.6200025124999999 0.36355011510031676 0.62722033515625 0.35649452798310455 0.62593143984375 0.3458675934530095 0.6198215734375 0.3402961573389652 0.60568584375 0.3427987782470961 0.602371890625 0.3500386272439282
0 0.6444345484375 0.3256087465681098 0.6451335265625 0.3288115681098205 0.6513251890625 0.3312170359028511 0.656146159375 0.32616153748680043 0.6499817625000001 0.3227007465681098 0.6444345484375 0.3256087465681098
0 0.6327774671874999 0.32294531045406544 0.632695671875 0.3261112787750792 0.6381338249999999 0.3274245712777191 0.639078190625 0.32112948574445616 0.6327774671874999 0.32294531045406544
0 0.6370977460937499 0.3675268426610348 0.640139046875 0.37084022280887013 0.6494810703125 0.3723377771911299 0.6559181203125 0.3652453389651531 0.6450963437499999 0.36050810876451955 0.6370977460937499 0.3675268426610348
0 0.8471705875 0.4059707888067582 0.84544544765625 0.4122290211193242 0.8555955109375001 0.4127081055966209 0.85888219921875 0.4065235786694826 0.8471705875 0.4059707888067582
0 0.37671332109375 0.218933974656811 0.37733050390625 0.22530276451953538 0.38433020546874996 0.22668976135163676 0.3860280796875 0.22148685216473074 0.37671332109375 0.218933974656811
0 0.41984675234375 0.21357361140443507 0.42353250078125004 0.22220045828933474 0.44213475234375005 0.2283615374868004 0.44001055234375 0.2198083959873284 0.42932510234375 0.20979455227032737 0.41984675234375 0.21357361140443507
0 0.5134380109375 0.2824443389651531 0.5109048320312499 0.28972104118268216 0.51876710390625 0.28797892291446675 0.5134380109375 0.2824443389651531
0 0.5099059367187501 0.29812677296726503 0.5104958539062501 0.30555088595564944 0.51833086015625 0.3048640897571278 0.51924796015625 0.2996243273495248 0.5099059367187501 0.29812677296726503
0 0.3638664875 0.23206352903907074 0.36286759140624997 0.24046926082365364 0.37145610625000003 0.2408746399155227 0.37164696328125 0.23348737909186906 0.3638664875 0.23206352903907074
0 0.23202224062500001 0.31248246462513196 0.2325303625 0.3230725469904963 0.239421003125 0.3286808352692714 0.2480367828125 0.3280308922914467 0.25471921953125 0.3114405469904963 0.23695227265625 0.30320567370644136 0.23202224062500001 0.31248246462513196
0 0.20913440546875 0.32091164308342135 0.206492165625 0.3324096367476241 0.20872542656249998 0.3367414868004224 0.21505341484375 0.3338703400211193 0.21303827578124998 0.3210959060190074 0.20913440546875 0.32091164308342135
0 0.25699709375 0.34430296832101376 0.2559436671875 0.35481934530095033 0.26762801328124997 0.35642745828933475 0.2708601703125 0.3523535776135164 0.27029751874999997 0.34387414149947204 0.26332508203125 0.34143182154171065 0.25699709375 0.34430296832101376
0 0.09543881875 0.394790929250264 0.09659138828125 0.4106944783526927 0.10030440234375 0.41826600211193243 0.10496178125 0.4195424413938754 0.10690504296875 0.404841626187962 0.100205259375 0.39184607602956706 0.09543881875 0.394790929250264
0 0.11953375468750001 0.40015465469904965 0.11926110234375001 0.410707883843717 0.12604268203125 0.42053746462513203 0.13242520078125 0.415555671594509 0.1325887921875 0.4092237338965153 0.12508096875000002 0.39724665469904963 0.11953375468750001 0.40015465469904965
0 0.0834793328125 0.49460437592397044 0.08557626796875 0.5042128405491024 0.09004279062500001 0.512876540654699 0.09472743515625 0.5130976568109821 0.09424657890625 0.5014522513199577 0.08827303828125001 0.4906042006335797 0.0834793328125 0.49460437592397044
0 0.03667753359375 0.18809168004223864 0.03635035078125 0.20075555543822599 0.0432137265625 0.20741916789862724 0.048733675 0.20556649102428723 0.0405541390625 0.1893312671594509 0.03667753359375 0.18809168004223864
0 0.1483802703125 0.2821192998944034 0.1465188046875 0.2936541478352693 0.15265593671875 0.2981702608236536 0.15675066328125 0.29096726399155226 0.15303765 0.28339573917634636 0.1483802703125 0.2821192998944034
0 0.7203034726562499 0.41477517423442445 0.72094792109375 0.4200886409714889 0.7287829265625 0.4194018458289335 0.7304535359375001 0.4152542587117212 0.7203034726562499 0.41477517423442445
0 0.5241804796875 0.19947920591341078 0.5232361140624999 0.20577429144667372 0.530235815625 0.20716128827877506 0.53193368984375 0.20195837909186906 0.5241804796875 0.19947920591341078
0 0.45373730312499994 0.23313561985216474 0.4536009765625 0.2384122344244984 0.45825835625 0.2396886737064414 0.4607370046875 0.2345226166842661 0.45373730312499994 0.23313561985216474
0 0.384830896875 0.1770527307286167 0.381544209375 0.183237257655755 0.38458551015625 0.1865506367476241 0.388652971875 0.1804029630411827 0.384830896875 0.1770527307286167
0 0.34091669140624997 0.18237624076029565 0.33997232578125003 0.1886713252375924 0.34619125390625 0.19002146990496305 0.3478618625 0.185873883843717 0.34091669140624997 0.18237624076029565
0 0.351753328125 0.30756769693769803 0.34919288359375 0.31589972228088703 0.35374120234375 0.3213974530095037 0.35878029453125004 0.3078993706441394 0.351753328125 0.30756769693769803
0 0.5089144703125 0.3667596166842661 0.51103867109375 0.3753127581837381 0.52040796015625 0.3757549904963041 0.5245572171874999 0.36644134741288276 0.516159559375 0.3586487074973601 0.5089144703125 0.3667596166842661
0 0.57333700625 0.38459291129883844 0.57470769765625 0.3920538764519535 0.58020038125 0.3912565227032735 0.58513041328125 0.3819797328405491 0.59859442890625 0.3752189672650475 0.598894346875 0.3636104149947202 0.5897159140625 0.3557809218585005 0.57333700625 0.38459291129883844
0 0.6065930265625 0.36820023336853225 0.60289736015625 0.3902146050686378 0.613882728125 0.3886198965153115 0.61125040546875 0.3694766726504752 0.6065930265625 0.36820023336853225
0 0.44752580546875 0.29201258817317843 0.44822478359374995 0.2952154097148891 0.45530628125000006 0.29343643822597676 0.45148420624999996 0.2900862059134108 0.44752580546875 0.29201258817317843
0 0.4707680890625 0.26986421224920804 0.47213878046874996 0.2773251774023231 0.4753709375 0.2732512967265048 0.4707680890625 0.26986421224920804
0 0.53363899375 0.2569825828933474 0.53350266796875 0.2622591974656811 0.53896808671875 0.262517166842661 0.539857921875 0.25833272756071807 0.53363899375 0.2569825828933474
0 0.5385591078124999 0.2783470105596621 0.536080459375 0.28351306758183736 0.53912176015625 0.28682644667370644 0.54316195703125 0.28173409503695884 0.5385591078124999 0.2783470105596621
0 0.793527703125 0.2734758204857445 0.7925560726562499 0.28082622808870117 0.7995830390625 0.28115790179514255 0.80208895234375 0.2749365227032735 0.793527703125 0.2734758204857445
0 0.8102883242187501 0.22988931045406547 0.80686531015625 0.2413504519535375 0.8161800687499999 0.24390333051742344 0.8188223085937499 0.23240533579725448 0.8134659515625 0.22792607497360085 0.8102883242187501 0.22988931045406547
0 0.8318575109375 0.3027568511087645 0.8309131453124999 0.30905193558606125 0.8387481515624999 0.3083651404435058 0.8420075742187499 0.3032359355860612 0.8318575109375 0.3027568511087645
0 0.7720279062500001 0.3189518595564942 0.77345312890625 0.32430217951425555 0.78206890859375 0.3236522365364308 0.78301327421875 0.31735715100316786 0.7720279062500001 0.3189518595564942
0 0.7871798796875 0.33762940337909186 0.78626277890625 0.3428691657866948 0.7972754117187499 0.34021913410770854 0.7871798796875 0.33762940337909186
0 0.8080600054687499 0.37665290496304116 0.8071429054687499 0.38189266631467794 0.8150051765624999 0.38015054804646253 0.81667578515625 0.37600296092925023 0.8080600054687499 0.37665290496304116
0 0.7641185351562501 0.38303173812038016 0.7616126210937499 0.3892531172122492 0.76705077421875 0.39056640865892295 0.7718444796874999 0.3865662333685322 0.7641185351562501 0.38303173812038016
0 0.75070904921875 0.3876818563885956 0.7505454578124999 0.3940137940865892 0.75759968984375 0.3932901457233368 0.758489525 0.3891057064413939 0.75070904921875 0.3876818563885956
0 0.80734119140625 0.43473251953537484 0.81197130546875 0.4370642808870116 0.8197245164062499 0.4395434540654699 0.82002443359375 0.42793490179514254 0.80734119140625 0.43473251953537484
0 0.7730143968750001 0.4320556779303062 0.77285080546875 0.4383876156282999 0.78068581171875 0.43770081942977823 0.7823564210937499 0.4335532333685322 0.7730143968750001 0.4320556779303062
0 0.8007058554687501 0.3889851055966209 0.8005695296875001 0.3942617201689546 0.8077055570312501 0.3903721034846885 0.8007058554687501 0.3889851055966209
0 0.7060165578125 0.30210018268215416 0.7050721921875 0.30839526821541713 0.711318384375 0.3086900897571278 0.71376976796875 0.30457935586061247 0.7060165578125 0.30210018268215416
0 0.7556341382812499 0.22730962196409715 0.753100959375 0.23458632418162617 0.7593471523437499 0.23488114572333685 0.7626065750000001 0.2297519419218585 0.7556341382812499 0.22730962196409715
0 0.6894418507812501 0.18720398732840549 0.689278259375 0.19353592502639916 0.6979485695312501 0.19077533579725447 0.6894418507812501 0.18720398732840549
0 0.6453541359375 0.22950065364308342 0.6461076453125 0.23059282893347413 0.6484499671874999 0.23070338753959874 0.64920347578125 0.23179556282998945 0.6500115156249999 0.2307770929250264 0.6523538375 0.2308876504751848 0.6524628984375 0.2266663590285111 0.65017510703125 0.22444515522703273 0.6470247453125 0.22535306758183737 0.64540866640625 0.22739000739176346 0.6453541359375 0.22950065364308342
0 0.651218615625 0.24456999577613517 0.652671103125 0.24886499366420275 0.65950721328125 0.2565839281942978 0.66104149609375 0.2577129567053854 0.66338381796875 0.25782351425554384 0.66413732734375 0.2589156906019007 0.6665614453125001 0.2558602798310454 0.6667523015625 0.24847301900739174 0.6684229109375 0.2443254318901795 0.6669431578125 0.24108575818373812 0.66462810078125 0.23991987750791977 0.657601134375 0.23958820274551215 0.6567930953125 0.2406066737064414 0.652889225 0.24042240971488912 0.651218615625 0.24456999577613517
0 0.72741472265625 0.3210725480464625 0.72816823203125 0.3221647233368532 0.731291328125 0.3223121341077086 0.7344689546875001 0.3203488996832101 0.735304259375 0.3182751066525871 0.7337972414062499 0.3160907550158395 0.72908533203125 0.3169249619852165 0.72749651875 0.3179065797254488 0.72741472265625 0.3210725480464625
0 0.69540298515625 0.3195615881731784 0.6961564945312501 0.32065376346356916 0.699279590625 0.3208011742344245 0.701649178125 0.3198564097148891 0.70253901328125 0.31567197043294615 0.7017855046875 0.3145797951425554 0.6986624078125 0.3144323843717001 0.69790889921875 0.3133402080253432 0.69548478125 0.3163956187961985 0.69540298515625 0.3195615881731784
0 0.71487523671875 0.38282066420274546 0.7156287460937499 0.3839128394931362 0.720313390625 0.3841339556494192 0.72198399921875 0.37998636958817317 0.7196962078125 0.37776516578669483 0.7188881687500001 0.37878363569165785 0.7165458460937499 0.3786730781414995 0.7149570328125 0.3796546948257656 0.71487523671875 0.38282066420274546
0 0.69886069453125 0.3672722365364308 0.70039497734375 0.36840126504751847 0.7051068875000001 0.3675670580781415 0.7067774960937501 0.36341947201689545 0.7052432132812501 0.3622904435058078 0.69977779453125 0.3620324741288279 0.69896975546875 0.3630509450897571 0.69886069453125 0.3672722365364308
0 0.65457469375 0.3567290496304118 0.6553009375000001 0.3588765480464625 0.6568352203125001 0.36000557655755017 0.6615198648437499 0.3602266927138332 0.662382434375 0.35709757655755014 0.66090268203125 0.35385790285110874 0.65699881171875 0.3536736388595565 0.65457469375 0.3567290496304118
0 0.2783630515625 0.21323521224920805 0.274967303125 0.22364103062302007 0.28826772734375 0.22321220380147835 0.2892666234375 0.21480647307286166 0.28622532265625 0.2114930939809926 0.2783630515625 0.21323521224920805
0 0.24351821796875 0.23060950686378034 0.2426011171875 0.2358492692713833 0.24801200546875002 0.23821788384371698 0.25127142812500003 0.23308868004223865 0.24351821796875 0.23060950686378034
0 0.23252293281249997 0.2628454329461457 0.23386635859375 0.271361722280887 0.24100238671875 0.26747210454065473 0.23812467734374998 0.257826787750792 0.23252293281249997 0.2628454329461457