0 0.8001154208333334 0.25881196507936505 0.8204599279761905 0.2573876835978836 0.8238059214285715 0.25984702433862433 0.8240285898809524 0.26754066666666665 0.8122491702380953 0.2876848423280423 0.7973012946428572 0.32281912275132274 0.7981483291666667 0.3351131693121693 0.7964527672619047 0.3387614010582011 0.7819073357142856 0.35668427936507935 0.7532618101190477 0.40791732275132275 0.7393858761904761 0.42068480423280424 0.7372886154761905 0.427426273015873 0.7392068458333333 0.43147168571428574 0.7478621940476191 0.43067997566137567 0.7512089339285715 0.4190211523809524 0.7701271702380953 0.390946617989418 0.785206706547619 0.3971357470899471 0.7856076589285714 0.40816067195767197 0.7889092678571428 0.4062576507936508 0.8164843446428571 0.3491550804232804 0.8246048410714286 0.33836952486772487 0.8314766047619048 0.3183831608465609 0.834556043452381 0.29937438835978836 0.8451757470238095 0.274048071957672 0.8607916279761905 0.26199472063492063 0.8696252601190476 0.26453429312169313 0.8744441476190477 0.2556517597883598 0.8766309226190475 0.24351684973544974 0.8729283613095239 0.23439494603174602 0.8618643154761904 0.22550975978835977 0.8387989279761905 0.21495694285714284 0.8325974077380952 0.21566974603174602 0.8122536470238095 0.20297586455026456 0.7995828077380952 0.20646363068783066 0.7907040452380953 0.21367986031746034 0.770359538095238 0.2151041417989418 0.7680839940476191 0.2185143291005291 0.768261531547619 0.23596377354497355 0.7749979035714286 0.24524481587301586 0.7885165232142857 0.23993293333333335 0.8005178654761905 0.24160056402116403 0.8031943619047619 0.2492153015873016 0.8001154208333334 0.25881196507936505
0 0.6905372041666668 0.33112941904761906 0.6994603511904762 0.3282755513227513 0.708204468452381 0.336208564021164 0.7228386684523809 0.3270104074074074 0.7327878803571428 0.32566370582010584 0.7373833535714286 0.32320569206349203 0.7474228267857143 0.30234738624338625 0.7438541648809525 0.2921944031746032 0.7358683136904762 0.28783071534391536 0.7256069184523809 0.2868772148148148 0.7145421261904762 0.29211019153439155 0.7121334285714286 0.28243329523809524 0.6991955369047619 0.2738650582010582 0.6769771839285714 0.27560628783068786 0.6768876690476191 0.28099972910052906 0.682151892857143 0.2875044814814815 0.6780461410714285 0.3097121417989418 0.6786253767857143 0.32406834814814817 0.6617600172619047 0.34103905291005293 0.6543977863095238 0.3553939333333333 0.6530580458333333 0.37982288994708996 0.6490869392857143 0.386881308994709 0.653771181547619 0.3931480169312169 0.6665766660714286 0.3745110084656084 0.6790692214285714 0.3676919597883598 0.6905372041666668 0.33112941904761906
0 0.6608257053571429 0.2917839576719577 0.6688123029761905 0.2820294814814815 0.6683218357142857 0.27639799788359787 0.6723373267857142 0.2737019407407407 0.6493614535714286 0.2577556825396825 0.6390549279761905 0.2665579841269841 0.6125089005952381 0.26869506984126984 0.6076456285714286 0.27321524232804234 0.6121515869047618 0.27615066878306876 0.6274323458333333 0.2737340984126984 0.6338335958333333 0.29265191957671954 0.6405255833333333 0.2975706 0.6608257053571429 0.2917839576719577
0 0.6278163285714286 0.18375070158730158 0.6267895178571429 0.1963616984126984 0.6310276767857143 0.2013592835978836 0.6398169244047619 0.19953649523809525 0.6468218410714286 0.19263721481481483 0.646063575 0.18906788888888887 0.6278163285714286 0.18375070158730158
0 0.6510148696428572 0.20739060211640212 0.648382011904762 0.21825638941798942 0.6578400101190477 0.2253963661375661 0.6650683416666667 0.21207256507936506 0.6635518095238095 0.20493391534391536 0.6594919339285714 0.2032676105820106 0.6510148696428572 0.20739060211640212
0 0.7188284005952381 0.2308793238095238 0.7133858928571428 0.22104328994708994 0.7054444261904762 0.22104196296296297 0.6985734089285714 0.226910164021164 0.6996431119047618 0.24689785502645503 0.6948686089285715 0.2601427492063492 0.6971885375 0.2610949238095238 0.7005796619047618 0.25379846137566137 0.7137417142857143 0.24182401587301589 0.7188284005952381 0.2308793238095238
0 0.7641617488095237 0.14522613121693123 0.7524725898809523 0.14585870264550266 0.7469398208333333 0.15553427195767194 0.7461364244047619 0.1617207492063492 0.748634636904762 0.16600420423280424 0.7647402386904762 0.17370050052910052 0.7767423267857143 0.16124996825396826 0.7754935934523809 0.15204915873015873 0.7641617488095237 0.14522613121693123
0 0.8343847232142857 0.16427358624338625 0.8215799845238095 0.16879243174603176 0.8215348541666666 0.17854823386243387 0.8337588642857142 0.1879095068783069 0.8445558577380953 0.18473868994708995 0.8482147803571429 0.17538006878306878 0.8458504672619047 0.17006553439153438 0.8343847232142857 0.16427358624338625
0 0.8839006541666667 0.2910280624338624 0.8755131047619048 0.2897576126984127 0.8706498327380952 0.2942777851851852 0.8695786369047619 0.3025264211640212 0.8747533464285715 0.31442461375661374 0.882114830952381 0.3141878962962963 0.8864876357142858 0.3040362402116402 0.8869788488095238 0.2955495608465608 0.8839006541666667 0.2910280624338624
0 0.9279807922619047 0.28088303809523807 0.9189681297619048 0.2891303470899471 0.9174508517857143 0.29610985925925926 0.9240089392857143 0.3020596190476191 0.9353859148809524 0.2991268455026455 0.9381970571428571 0.29159233968253967 0.9348066785714286 0.28477063915343914 0.9279807922619047 0.28088303809523807
0 0.6437693773809523 0.5454321513227514 0.6524691101190476 0.5490028021164021 0.6546995238095238 0.555348416931217 0.6632209726190477 0.5555877862433862 0.666031368452381 0.5621714444444444 0.6678608303571428 0.5574921343915343 0.6788361071428572 0.557652598941799 0.6956119523809523 0.5460753343915344 0.7065435910714285 0.5277552740740741 0.7321086833333332 0.5143552211640211 0.7361685589285715 0.5160215248677248 0.7401396654761905 0.5089631068783069 0.7512044571428572 0.5037301301587301 0.7666413077380951 0.5024636603174604 0.7557555458333334 0.49690975555555555 0.7500903696428571 0.47938007936507937 0.7379551279761905 0.47874352804232806 0.7312187565476191 0.46946248677248675 0.7142653738095238 0.46359030582010585 0.6895480619047619 0.4751662433862434 0.6913323928571429 0.48024273544973545 0.6805346535714285 0.4975317153439153 0.6587172529761904 0.5102978708994709 0.6376588642857144 0.5125151883597884 0.646402981547619 0.5204482010582011 0.6425206440476191 0.5362313417989417 0.632214118452381 0.5450336433862434 0.6299829583333334 0.5528061915343915 0.6382366083333333 0.5551077206349205 0.6437693773809523 0.5454321513227514
0 0.6943240577380951 0.4336850232804233 0.6870069571428571 0.4382841015873016 0.6865157440476191 0.4467707798941799 0.6920477672619048 0.45121337354497354 0.6983831863095238 0.44946948994708996 0.7011943285714286 0.4419349851851852 0.6995438970238095 0.4358274137566137 0.6943240577380951 0.4336850232804233
0 0.7061064619047619 0.35706819576719573 0.6965589482142858 0.3553216592592593 0.6908478952380952 0.3616659470899471 0.6901783976190476 0.36682134497354496 0.692988794047619 0.3734050021164021 0.701956325595238 0.37491349523809525 0.7079351773809525 0.36650704867724865 0.7061064619047619 0.35706819576719573
0 0.7689265517857142 0.3155173544973545 0.7529984880952381 0.3252705037037037 0.7513916946428572 0.3376434571428571 0.7666051309523809 0.3428015068783069 0.7753943785714286 0.3409787174603175 0.7808827630952381 0.3269407873015873 0.7764663202380953 0.3186119195767196 0.7689265517857142 0.3155173544973545
0 0.6604098309523809 0.5631222920634921 0.6506389023809525 0.5678002761904762 0.6491660089285715 0.5791421492063491 0.6513964226190476 0.585487764021164 0.6615683029761905 0.5918347047619048 0.6878916613095238 0.5820039767195767 0.6687973803571428 0.5643927407407408 0.6604098309523809 0.5631222920634921
0 0.654694300595238 0.6541755576719577 0.6550508684523809 0.6608381206349206 0.6624123529761904 0.6606014042328042 0.6629035666666666 0.6521147248677249 0.6568359458333333 0.6517964497354497 0.654694300595238 0.6541755576719577
0 0.6946731636904762 0.5815292158730159 0.6925759035714286 0.5882706857142858 0.6961001809523809 0.5940613068783068 0.6997139732142857 0.594458488888889 0.7043989613095238 0.5866070338624338 0.7020346482142856 0.5812924994708994 0.6946731636904762 0.5815292158730159
0 0.7652993291666667 0.5692471068783069 0.7594995071428572 0.5668666719576719 0.7528962886904762 0.5706727142857143 0.7483895845238095 0.5818554507936508 0.7513338797619047 0.5874080285714286 0.7613274761904762 0.5904236878306878 0.7648968845238096 0.586458507936508 0.7668158613095238 0.5763857576719577 0.7652993291666667 0.5692471068783069
0 0.8660748678571428 0.7528793756613756 0.8691981928571428 0.7476450719576719 0.8742841333333333 0.7508185428571428 0.8800832089285714 0.7673171407407408 0.8843664988095238 0.7625589238095238 0.8882495821428571 0.7326576211640211 0.8874025476190476 0.7203635735449735 0.8739298041666667 0.7018014899470899 0.8605902136904762 0.6963264910052911 0.8448855642857144 0.6996551195767196 0.8383267303571429 0.7078235238095238 0.8354704577380953 0.7251138306878308 0.8260109666666666 0.7462101798941799 0.824136374404762 0.760645291005291 0.8279284505952381 0.7643737544973546 0.8373428113095238 0.7530332074074074 0.8486302714285714 0.7554938740740741 0.8569290523809524 0.7480396010582011 0.8660748678571428 0.7528793756613756
0 0.6194425720238095 0.7656872952380952 0.6138202880952381 0.7807563047619047 0.6327370315476191 0.7809180962962963 0.637689818452381 0.7710044825396826 0.6594184505952381 0.7495136052910053 0.6746318863095238 0.7546716550264551 0.6762823178571428 0.7607792264550265 0.6917199148809524 0.7453945936507936 0.7127316803571428 0.7811694042328042 0.7065730523809524 0.8144808952380952 0.7082671226190477 0.8390689904761905 0.7116131160714286 0.8415283301587302 0.7114807089285714 0.8143230835978835 0.7181290577380952 0.8007612391534392 0.7229028148809523 0.8016345079365079 0.7225018624999999 0.790609583068783 0.6945754410714285 0.7422224497354497 0.6978326660714285 0.7359570677248677 0.6988150928571428 0.718983708994709 0.7029200988095239 0.7108942116402116 0.7198290970238096 0.7124040306878306 0.6866369589285715 0.6857484708994709 0.6718696059523809 0.6818595439153439 0.6622769613095238 0.6898688095238095 0.6534433291666667 0.687329237037037 0.6496061220238095 0.6933565756613757 0.6395230107142857 0.6957343576719577 0.6231932488095239 0.708580744973545 0.621943769047619 0.7134980984126984 0.6181960773809524 0.7141319968253969 0.6285898797619047 0.7422907439153439 0.6231014952380952 0.7563286740740741 0.6183721226190476 0.7598177671957672 0.6194425720238095 0.7656872952380952
0 0.5824288964285714 0.4485776518518519 0.5564184672619047 0.44659041904761904 0.5234467595238095 0.46998299047619047 0.4988633470238095 0.4805278497354497 0.5065370148809524 0.4825913343915344 0.5348177654761904 0.5799955206349207 0.5211201154761905 0.5960942835978835 0.5204506178571429 0.6012496814814815 0.5262060553571428 0.5992677544973546 0.5281242857142857 0.6033131661375661 0.5303095690476191 0.619414582010582 0.5191545160714286 0.644159161904762 0.517948675 0.6675570402116402 0.5105420595238095 0.6775495587301587 0.5080431011904762 0.6873842666666666 0.5215624672619048 0.6679542211640211 0.5438281892857143 0.6141027005291005 0.5655568208333334 0.5926118232804233 0.5670740994047619 0.58563231005291 0.5649775851190476 0.5782556169312169 0.5758204547619048 0.5512108349206349 0.6014750625 0.5324173407407408 0.6021445595238095 0.527261943915344 0.6110677071428572 0.5244080751322752 0.6170465589285714 0.5160016285714285 0.6235158779761906 0.5132266656084656 0.6383291077380951 0.49324162751322753 0.6471627398809523 0.49578120000000003 0.6530076922619047 0.48840583280423283 0.6665263124999999 0.4830939513227513 0.6635827636904762 0.4634232095238095 0.6717476446428572 0.4570000158730159 0.6652346874999999 0.44129445396825395 0.670589918452381 0.41416944021164026 0.6486852410714286 0.38997454708994705 0.6401194077380953 0.38537281587301586 0.6042041511904762 0.3890946465608465 0.598805281547619 0.3977391365079365 0.5980018845238095 0.4039256126984127 0.6015261625 0.4097162349206349 0.5987150202380952 0.4172507396825397 0.592647399404762 0.4169324645502645 0.5824288964285714 0.4485776518518519
0 0.4148088226190476 0.47861023703703703 0.42596312976190476 0.4679838201058201 0.4305586029761905 0.4655258063492064 0.43769667321428574 0.47171360952380953 0.44202509345238095 0.4571995915343915 0.4469327494047619 0.45704178095238096 0.4513499386904762 0.4512524846560847 0.4601391863095238 0.4494296962962963 0.4674111559523809 0.45458642010582007 0.4774942672619048 0.4522086380952381 0.4947154488095238 0.4560186603174603 0.5036837267857143 0.44340898941798945 0.5044878696428572 0.4231043502645503 0.4981975803571429 0.4150924317460317 0.47740699107142853 0.4152475904761905 0.4470696333333334 0.3995380486772486 0.44367925535714287 0.3927163481481481 0.4437680244047619 0.4014410698412698 0.4391725511904762 0.4038990835978836 0.43047281845238095 0.4003284317460317 0.43167716726190475 0.4051668804232804 0.41980897857142857 0.41658633333333334 0.4041916059523809 0.4568760105820106 0.39776667142857147 0.46401333439153436 0.38647771845238094 0.48978899365079365 0.38469264166666667 0.49883066455026454 0.3904924636904762 0.5012110994708995 0.3986573446428571 0.4947879058201058 0.4007546047619048 0.48804643703703704 0.4091421541666667 0.48931688571428567 0.4148088226190476 0.47861023703703703
0 0.2780188125 0.4876293587301588 0.28836972261904764 0.48318941798941795 0.29506245654761903 0.47398993544973544 0.3054577511904762 0.4739123566137566 0.3148277273809524 0.45820944761904764 0.3268290690476191 0.4598770783068783 0.34797771845238096 0.43814815767195764 0.36421796607142853 0.4306952105820106 0.3700185339285714 0.41895748253968257 0.3805477279761905 0.4178488232804233 0.3829571720238095 0.4134075566137566 0.3599369148809524 0.39309893756613756 0.3515493654761905 0.3918284888888889 0.32223583452380955 0.4199806031746032 0.31621334464285716 0.4099065259259259 0.3084057773809524 0.40887411957671954 0.2952437244047619 0.4208485650793651 0.2957785761904762 0.43084241058201056 0.28823806190476187 0.4418660084656085 0.28841634583333337 0.44519728994708996 0.2939039839285714 0.44527752275132276 0.2968475333333333 0.4649482634920635 0.2814994517857143 0.4749394560846561 0.27766224464285716 0.4809667947089947 0.2780188125 0.4876293587301588
0 0.29867027976190474 0.5873324201058201 0.3044701011904762 0.589712855026455 0.3078604797619048 0.5965345555555556 0.305226875 0.6215185058201058 0.31723120178571423 0.5667134846560847 0.3223178880952381 0.5557687925925926 0.3328922130952381 0.5449043312169312 0.33217907738095237 0.5315792042328042 0.318616819047619 0.518410562962963 0.29434633630952384 0.5171374603174603 0.25923298333333333 0.5429091407407407 0.2582956875 0.5501266962962963 0.26115046785714285 0.5610727153439153 0.2598558577380952 0.5757458708994708 0.21224845773809523 0.6365729248677249 0.2096155994047619 0.6474387121693121 0.23196710595238096 0.6587845650793651 0.24343434226190477 0.6363401873015874 0.25128703988095236 0.6276167915343914 0.278012843452381 0.6005746624338624 0.29867027976190474 0.5873324201058201
0 0.3568874357142857 0.6894212222222222 0.36085854166666664 0.6823628042328043 0.36250971964285716 0.6743522126984127 0.3601010220238095 0.6646753164021163 0.3510447214285714 0.6544421005291005 0.33806169880952386 0.6556296656084656 0.33382353988095237 0.6506320793650794 0.32878198392857144 0.6518209703703703 0.32186508988095236 0.6815631354497355 0.3294041125 0.6987758634920636 0.33020676309523805 0.7067075502645502 0.33872821190476193 0.7069469195767196 0.3446626791666667 0.6941781121693122 0.3568874357142857 0.6894212222222222
0 0.4622651625 0.7435320105820106 0.4657901863095238 0.7352044698412699 0.4754715994047619 0.7359199259259259 0.47953222083333336 0.7234680677248677 0.48707273511904764 0.7124444687830689 0.4916245696428571 0.6915059312169313 0.4987190017857143 0.6792132105820106 0.5052341976190476 0.6525642825396825 0.4944823351190476 0.6459792984126984 0.4673111952380952 0.6576341417989418 0.4451357345238095 0.6919740592592593 0.4489278107142857 0.6957025227513228 0.44941753154761904 0.7154521693121694 0.46222227023809526 0.7109333238095238 0.4665943285714286 0.7148998296296296 0.4622651625 0.7435320105820106
0 0.5311032660714285 0.7967642243386243 0.5430158386904762 0.7897071322751322 0.5477008267857143 0.7818556783068783 0.56786705 0.7771001153439153 0.5688494767857143 0.7601267576719577 0.5652808148809524 0.7499737746031746 0.5492647279761904 0.7368840380952381 0.5361049142857143 0.7065039947089946 0.5358822458333333 0.6988103513227513 0.5313762875 0.6958749248677248 0.5259330339285714 0.700157053968254 0.5229879922619047 0.7087226380952381 0.5272705357142857 0.7180825851851852 0.5325776517857143 0.7571860243386244 0.5218242970238095 0.7788373661375662 0.5237869119047619 0.7872451396825396 0.5311032660714285 0.7967642243386243
0 0.739492168452381 0.9420257544973545 0.7319524 0.9389311894179895 0.7228058380952381 0.9482095777777777 0.7216451279761904 0.9618516539682539 0.7271764047619047 0.9804124105820106 0.7365456345238096 0.9788276645502646 0.7452017291666666 0.9639177925925927 0.7446224928571429 0.9495615862433863 0.739492168452381 0.9420257544973545
0 0.7897272035714286 0.969160053968254 0.7975362630952382 0.9419561343915344 0.7990099029761906 0.9164960973544973 0.7970916726190477 0.9124506857142857 0.7759445154761905 0.9059432804232804 0.7735350714285714 0.9103845470899471 0.7793792779761906 0.9171273428571428 0.7803158279761905 0.9240279492063492 0.7747823125000001 0.9478216825396826 0.7732642880952382 0.9689193576719577 0.7897272035714286 0.969160053968254
0 0.8678044928571429 1 0.8748521773809523 0.9769471936507936 0.8762806863095237 0.9612429587301587 0.8725781250000001 0.952121055026455 0.8576768720238095 0.9492632074074073 0.8566944458333334 0.9662365650793652 0.860128461904762 0.9915387904761904 0.8593250654761904 0.9977252677248677 0.8553785625 1 0.8678044928571429 1
0 0.46493046666666665 0.9629191925925925 0.4749240630952381 0.9659348518518519 0.47238146607142856 0.957289034920635 0.47314047857142855 0.9467401968253968 0.4693040178571429 0.9386493724867725 0.46158596547619046 0.9322235259259259 0.43959028095238095 0.9416584 0.43731473630952383 0.9450685873015874 0.43816177142857143 0.9573626349206349 0.44391646250000005 0.9694988708994708 0.4553378226190476 0.9709284582010581 0.4598889113095238 0.9641080825396825 0.46493046666666665 0.9629191925925925
0 0.14157790833333334 0.644492673015873 0.135821725 0.660592762962963 0.14394147499999999 0.6639253714285714 0.15206197202380953 0.6531398158730158 0.15157150476190476 0.6475083322751323 0.14675336369047617 0.6422727026455027 0.14157790833333334 0.644492673015873
0 0.1527788380952381 0.595874128042328 0.1484955482142857 0.600632344973545 0.14911916904761904 0.6193509121693122 0.17383573452380954 0.6218931375661376 0.1796806869047619 0.6145177703703704 0.18182307797619046 0.5980204984126984 0.17120511488095239 0.5904044349206349 0.1527788380952381 0.595874128042328
0 0.22719707976190479 0.5873204825396826 0.22380670178571427 0.5804987809523809 0.21470527023809524 0.5800213671957671 0.2043543601190476 0.5844613079365079 0.19708164464285716 0.5934227470899471 0.1896735369047619 0.6316515915343915 0.1908778857142857 0.6364900402116401 0.19605334107142858 0.6342700698412699 0.20368337083333332 0.6178530306878307 0.2225564761904762 0.5995342973544974 0.22719707976190479 0.5873204825396826
0 0.2079274988095238 0.5099053132275132 0.19953920357142857 0.5227530264550265 0.19846800773809523 0.5310016624338624 0.2049817113095238 0.5325890603174603 0.21787596488095237 0.5226767735449735 0.21908105952380952 0.5133970592592593 0.2135490369047619 0.5089544656084656 0.2079274988095238 0.5099053132275132
0 0.04677002916666667 0.664226402116402 0.046904675 0.6490771597883598 0.022634938095238095 0.6336858952380953 0.012908394642857143 0.6427262402116403 0.04677002916666667 0.664226402116402
0 0.5752095190476191 0.29248349629629633 0.5634315910714286 0.28439134603174604 0.5481730244047619 0.28898909735449735 0.5410785928571429 0.301281817989418 0.5401412970238095 0.3084993746031746 0.5437543428571429 0.32301471851851854 0.5730219970238095 0.3187365693121693 0.5766816666666666 0.29525978518518514 0.5752095190476191 0.29248349629629633
0 0.4340903416666667 0.330134798941799 0.42784443749999995 0.32648524126984124 0.40727651607142856 0.3343340423280423 0.3961214625 0.3590786222222222 0.4157964726190477 0.36280973862433863 0.4200797625 0.3580515227513228 0.42342575595238097 0.36051086243386243 0.43444690952380954 0.3367973619047619 0.4340903416666667 0.330134798941799
0 0.4113378833333333 0.30776402116402113 0.409686705952381 0.3157746126984127 0.41437094761904764 0.3220413216931217 0.42356189345238093 0.31712529417989416 0.4279346982142857 0.3069736380952381 0.4189227821428571 0.3011027841269841 0.4113378833333333 0.30776402116402113
0 0.4014849017857143 0.17665381587301587 0.40353628511904766 0.1937863111111111 0.40746226130952384 0.19648369417989417 0.42151722500000005 0.17292933227513227 0.41973289404761904 0.1678528402116402 0.4107653625 0.16634434708994708 0.4014849017857143 0.17665381587301587
0 0.5874409904761905 0.16066313968253967 0.579009056547619 0.15503033015873016 0.5637061053571428 0.1552657206349206 0.5425582017857143 0.16287647830687832 0.533992368452381 0.1582747470899471 0.5155209613095237 0.17350024232804234 0.5086048136904762 0.18912424444444445 0.5331874797619047 0.1926975492063492 0.5445178321428571 0.22775690264550266 0.5492915892857143 0.22863017142857142 0.5848969011904762 0.18025364973544974 0.5874409904761905 0.16066313968253967
0 0.7016989726190477 0.1793213724867725 0.7004946238095238 0.17448292486772485 0.6895644773809524 0.1645666582010582 0.6863072523809525 0.17083204126984128 0.6776519041666667 0.1716237502645503 0.670780886904762 0.17749195132275133 0.6689958095238095 0.18653362328042328 0.6710479392857143 0.18954795555555556 0.6886256886904762 0.20002054074074074 0.6914368309523808 0.19248603492063493 0.7000477946428572 0.1873319650793651 0.7016989726190477 0.1793213724867725
0 0.6026298041666667 0.6317205682539683 0.5915642660714285 0.6510717079365079 0.597452856547619 0.6621768645502645 0.6087403166666666 0.6646375312169311 0.618556375595238 0.6502037449735449 0.611909519047619 0.6355292634920635 0.6026298041666667 0.6317205682539683
0 1 0.527248926984127 0.9956484851190476 0.5312934465608465 0.994399005952381 0.5362108 0.9969416029761905 0.5448566169312169 1 0.5457590391534392 1 0.527248926984127
0 0.812288331547619 0.3908743439153439 0.8081389410714286 0.3946014804232804 0.8015793613095238 0.41688804761904763 0.804612425595238 0.43116534814814816 0.7941712535714285 0.4551168920634921 0.8008632410714286 0.46003557248677246 0.8070203767857144 0.4549604074074074 0.8137604791666666 0.3936506338624338 0.812288331547619 0.3908743439153439
0 0.8349083827380953 0.3860398751322751 0.8399055541666666 0.3804886232804233 0.8339274482142858 0.3747769079365079 0.8317858035714285 0.3771560158730159 0.8295982821428571 0.40340908783068785 0.8315165124999999 0.40745450052910054 0.840617943452381 0.4079319132275132 0.8435629851190476 0.3993663291005291 0.8349083827380953 0.3860398751322751
0 0.4464512363095238 0.2819923407407407 0.43859853809523813 0.2907157365079365 0.438821206547619 0.2984093798941799 0.4452010107142857 0.3010278571428571 0.45207202797619045 0.2951596560846561 0.4538571047619047 0.2861179851851852 0.45077891011904764 0.2815964857142857 0.4464512363095238 0.2819923407407407
0 0.4723352273809524 0.1438290232804233 0.46947970059523814 0.1470011671957672 0.46970236904761903 0.15469480952380954 0.47492220892857145 0.15683720105820104 0.4803654630952381 0.15255507195767196 0.48014279464285714 0.14486142857142856 0.4723352273809524 0.1438290232804233
0 0.41256870952380953 0.6558007407407408 0.4288533410714286 0.6527101555555556 0.4332253994047619 0.6566766624338625 0.4531689541666667 0.644227456084656 0.4616911494047619 0.6303486634920635 0.4627179607142857 0.6177376666666667 0.45000348273809526 0.602744908994709 0.42898947916666663 0.6093245873015873 0.4193073196428571 0.6227272941798943 0.4151127988095238 0.6362102317460318 0.40734961607142856 0.6395401873015873 0.4071262011904762 0.6459647068783069 0.4012368648809524 0.6489777132275133 0.39400853333333336 0.6623015142857143 0.34939130535714286 0.704807182010582 0.3476957434523809 0.7084554126984127 0.3510417369047619 0.7109147523809524 0.36094656428571426 0.70520568994709 0.38209521428571425 0.6834767682539682 0.4001649232142857 0.6713445121693122 0.41256870952380953 0.6558007407407408
0 0.8660688988095239 0.8658246793650795 0.8587517982142857 0.8704237576719577 0.8576806029761905 0.8786723925925926 0.8603570994047619 0.8862871301587302 0.8638813767857143 0.8920777513227512 0.8687890333333333 0.8919199407407407 0.8724930869047619 0.8728055185185185 0.8660688988095239 0.8658246793650795
0 0.5750976196428571 0.7214218264550264 0.5720186785714286 0.7310184899470898 0.5755873404761904 0.741171473015873 0.581878375595238 0.7350652285714286 0.5841095357142857 0.7272926804232803 0.5818791220238095 0.7209470656084657 0.5750976196428571 0.7214218264550264
0 0.39419204047619044 0.5668056550264551 0.39267476190476186 0.5737851671957672 0.3964668386904762 0.5775136306878307 0.40307005714285715 0.5737075883597884 0.4051673172619048 0.5669661195767195 0.39963529464285713 0.5625235259259259 0.39419204047619044 0.5668056550264551
0 0.3108234285714286 0.24913306031746033 0.3037741273809524 0.2516699798941799 0.30123078392857144 0.2571423259259259 0.3021673339285714 0.26404293227513226 0.3102427 0.2630131798941799 0.313499925 0.25674779788359786 0.31358943988095234 0.2513543566137566 0.3108234285714286 0.24913306031746033
0 0.26405485535714285 0.4775539544973545 0.23938118214285714 0.5076104169312169 0.23781951964285714 0.5102275682539683 0.2398716494047619 0.5132419005291006 0.25263200357142857 0.5043606931216932 0.259904719047619 0.49539925396825396 0.2655270035714286 0.4803302433862434 0.26405485535714285 0.4775539544973545
0 0.9397273815476191 0.8819380338624339 0.9490070964285715 0.885746728042328 0.9498556238095238 0.8698044497354497 0.9450374827380952 0.8645688211640211 0.9397281279761905 0.8678198708994709 0.9397273815476191 0.8819380338624339
0 0.7857769892857144 0.5809099089947091 0.7843936101190476 0.5868583428571429 0.7866240238095238 0.5932039566137566 0.7932716267857144 0.5937602761904762 0.7948784202380952 0.5813873227513228 0.7905063613095238 0.577420815873016 0.7857769892857144 0.5809099089947091