0 0.7951978446428571 0.24033866455026454 0.8155019982142857 0.23765300529100528 0.8188942327380953 0.23990324973544974 0.8192677988095237 0.24757839153439154 0.8078910047619047 0.2684411322751323 0.7936419547619047 0.3044814285714286 0.7947298172619048 0.3167154338624339 0.7931069065476191 0.32046664126984126 0.7789221791666667 0.3392810518518518 0.7512998577380953 0.3922601555555556 0.7376830148809524 0.40588077142857143 0.7357193732142857 0.412748255026455 0.737715850595238 0.41667218941798945 0.7463503839285714 0.4153439534391535 0.7494662113095238 0.4034845894179894 0.7678217922619047 0.37425340105820104 0.7830136416666666 0.37950317248677246 0.7836307797619048 0.3904965047619048 0.7868930196428571 0.3883898 0.813330319047619 0.3296111587301587 0.8212341380952382 0.3183283492063492 0.8277093642857142 0.29792781269841273 0.8304137660714286 0.2787395597883598 0.8405298208333334 0.2527697873015873 0.8558995696428571 0.2397549142857143 0.8647776749999999 0.24174486984126983 0.8694192541666667 0.23256876613756614 0.8713664773809524 0.22030557248677246 0.8674870994047619 0.21141894603174605 0.856255369047619 0.2032256253968254 0.8329968696428571 0.19411029523809523 0.8268131202380952 0.1952074285714286 0.8062325595238096 0.18378347936507936 0.7936379071428572 0.18805526455026453 0.7849062148809524 0.19581796825396824 0.7646020613095238 0.1985036275132275 0.7623948482142857 0.20205292063492064 0.7629148273809523 0.21948072063492063 0.7698292916666667 0.22833815978835978 0.7832353988095238 0.22219077037037038 0.7952621672619048 0.22311277883597885 0.7980865178571429 0.230556817989418 0.7951978446428571 0.24033866455026454
0 0.6871060410714285 0.3194106857142857 0.6959677285714285 0.31600493227513227 0.7048622517857143 0.3233905968253968 0.719306968452381 0.3132900857142857 0.7292236821428572 0.31132691957671954 0.7337681029761904 0.30858528465608465 0.7433919916666666 0.2871168 0.7396261904761904 0.27719141481481485 0.7315595410714286 0.2733258560846561 0.7212856785714286 0.2730095894179894 0.7103303553571428 0.27892587724867723 0.7077331577380952 0.26940432063492065 0.6946349446428571 0.2616440148148148 0.6724643089285715 0.26476268994708996 0.6724807267857142 0.27015839894179894 0.6778694386904762 0.27633257777777775 0.6742021452380952 0.29878144550264546 0.6750628547619049 0.31309296825396826 0.6585409202380952 0.3310997216931217 0.6514649744047619 0.34590263597883597 0.6506056142857144 0.37039983492063494 0.6467754904761905 0.3777003343915344 0.6515799005952381 0.38367259894179895 0.6640117220238095 0.3642524455026455 0.6763628023809525 0.3566624687830688 0.6871060410714285 0.3194106857142857
0 0.6566402529761906 0.28193259894179895 0.6644304946428571 0.2716885492063492 0.6638297750000001 0.2660909259259259 0.6677898934523809 0.2631473756613757 0.6445149767857143 0.2486363365079365 0.6343875267857143 0.25807273015873017 0.6078996238095239 0.2618555227513228 0.60312805 0.2666746761904762 0.6076888880952381 0.2693287492063492 0.6229128988095238 0.2659655777777778 0.6296816244047619 0.28447471851851847 0.6364660940476191 0.2889752084656085 0.6566402529761906 0.28193259894179895
0 0.6215301869047619 0.17601317354497353 0.6207515672619047 0.18868019470899472 0.6250852523809524 0.19341178518518518 0.6338333625 0.19104479047619047 0.6406985726190475 0.1837151037037037 0.6398706994047618 0.18019499788359788 0.6215301869047619 0.17601317354497353
0 0.6451786702380952 0.19819935343915343 0.6427607220238095 0.20922187301587303 0.6523531238095238 0.21577069206349206 0.6593154922619047 0.2020065365079365 0.6576597458333333 0.19496632592592592 0.6535696321428571 0.1935529259259259 0.6451786702380952 0.19819935343915343
0 0.7134119970238095 0.21746637354497353 0.7077797136904762 0.20797400423280424 0.6998430589285715 0.20846539576719575 0.6930914255952381 0.2147563238095238 0.6945528547619048 0.2346654708994709 0.6900412702380953 0.2481985238095238 0.6923784779761905 0.24900618095238097 0.6956243000000001 0.2415037671957672 0.7085432642857142 0.2287199957671958 0.7134119970238095 0.21746637354497353
0 0.7570362744047618 0.12905271746031746 0.7453666547619048 0.13041014074074075 0.7400271964285714 0.14042308888888888 0.7393457357142857 0.14665564232804235 0.7419265148809524 0.15078148994708995 0.7581733910714286 0.15747384867724867 0.7699237517857144 0.14428624867724868 0.7684951589285715 0.13516852063492063 0.7570362744047618 0.12905271746031746
0 0.8275903910714286 0.14373168571428574 0.8148821619047619 0.14904223068783068 0.815028575 0.15879488994708996 0.8274289095238095 0.16739203915343914 0.8381570791666666 0.16355326984126983 0.8416300541666667 0.15397333756613757 0.8391628517857144 0.14880873015873014 0.8275903910714286 0.14373168571428574
0 0.8795644708333332 0.2673368031746032 0.8711570910714286 0.26658752063492064 0.8663855166666666 0.2714066740740741 0.8654769023809523 0.27971674603174607 0.8708820321428571 0.29128663386243386 0.8782343857142858 0.29059332804232807 0.8824052392857143 0.2801765513227513 0.8827295517857142 0.27166456507936504 0.8795644708333332 0.2673368031746032
0 0.9234186 0.2544630708994709 0.9145733303571428 0.26326453333333333 0.9131939910714286 0.2703339312169312 0.9198648839285714 0.27587317989417987 0.9311773553571429 0.27223632380952384 0.9338388750000001 0.26453199576719577 0.9303166458333333 0.25792480105820104 0.9234186 0.2544630708994709
0 0.6445736738095238 0.5364845121693121 0.6533382023809523 0.5395132264550264 0.6556918279761905 0.5457165925925926 0.6642127851190476 0.5454271153439153 0.6671507125 0.5518323957671958 0.6688871999999999 0.5470424296296297 0.6798589410714286 0.5465218507936508 0.6963972940476191 0.5339108063492063 0.7069626327380951 0.5149236687830688 0.7322490958333333 0.49994562962962963 0.7363392095238096 0.5013590296296296 0.7401693333333333 0.49405853015873014 0.7511246565476191 0.4881422423280423 0.7665272410714287 0.48591878624338625 0.7555390821428571 0.4810436560846561 0.7495332321428572 0.46387614603174604 0.7373928875 0.4639928962962963 0.7304784232142857 0.45513545714285714 0.7134200916666666 0.4503187015873016 0.6889450839285715 0.46342113756613756 0.6908279845238096 0.46838382962962966 0.6803762220238094 0.4863322084656085 0.6588227238095238 0.5004442158730159 0.6378206916666667 0.5039667195767196 0.6467152148809524 0.5113523841269841 0.6431450809523809 0.5273667841269841 0.633017630952381 0.5368031767195767 0.6309404130952382 0.544709419047619 0.6392342160714286 0.5464974603174604 0.6445736738095238 0.5364845121693121
0 0.6929038535714285 0.4216688656084656 0.6856814952380952 0.4267191216931217 0.6853571827380952 0.43523110687830685 0.6909730482142857 0.43932776825396824 0.6972703744047619 0.43719187513227514 0.6999318940476191 0.429487546031746 0.6981625702380952 0.4234860941798942 0.6929038535714285 0.4216688656084656
0 0.7031750178571429 0.34436768994708994 0.6935990339285714 0.34321457883597883 0.6880160041666666 0.34990933650793654 0.6874481208333334 0.3551031312169312 0.6903860482142857 0.3615084105820106 0.6993777297619048 0.36245960740740746 0.7051879130952381 0.35368733227513227 0.7031750178571429 0.34436768994708994
0 0.7651411565476192 0.29894457883597886 0.7494142589285715 0.30968002010582013 0.748051338095238 0.322145126984127 0.7633567636904761 0.3263561396825397 0.7721048744047619 0.323989144973545 0.7773143375 0.30961924656084655 0.7727370809523809 0.3015694645502645 0.7651411565476192 0.29894457883597886
0 0.6615512648809524 0.5531314444444444 0.6518781220238095 0.5584128010582011 0.6506287773809524 0.5698391492063491 0.6529824029761904 0.5760425153439154 0.6632726839285714 0.58175448994709 0.6893870202380953 0.5702965566137567 0.6699586452380952 0.553880725925926 0.6615512648809524 0.5531314444444444
0 0.6576266803571429 0.6444838539682539 0.6581138238095238 0.651120237037037 0.6654661767857143 0.6504269312169313 0.6657904892857143 0.641914946031746 0.6597203166666668 0.6419733206349206 0.6576266803571429 0.6444838539682539
0 0.6961550714285715 0.5694013365079365 0.6941914303571428 0.5762688211640211 0.6978272363095238 0.581837256084656 0.7014466244047619 0.582009983068783 0.7059746267857142 0.5738726380952381 0.703507424404762 0.5687080317460317 0.6961550714285715 0.5694013365079365
0 0.7664971035714286 0.5527448116402116 0.7606540845238096 0.5507256687830687 0.7541296047619048 0.5549390793650794 0.7498451738095239 0.5663946148148149 0.7528966779761904 0.5717611365079365 0.7629433869047618 0.5741549206349207 0.7664327803571428 0.5699706973544973 0.76815285 0.5597850222222223 0.7664971035714286 0.5527448116402116
0 0.870816131547619 0.7300127439153439 0.8738347994047619 0.7245878476190476 0.8789799398809524 0.7274438349206349 0.8850993666666667 0.7435725862433863 0.8892866386904762 0.7385515185185185 0.8925803648809524 0.70842751005291 0.8914925023809523 0.6961935047619048 0.877663574404762 0.6784786264550264 0.864224630952381 0.6738345978835979 0.8485948922619048 0.6781355714285714 0.8422004071428572 0.6867059312169312 0.8396853 0.7041629195767195 0.830645713095238 0.7258333174603174 0.8290556386904762 0.7403759417989418 0.8329185982142857 0.7438668603174603 0.8421045976190475 0.7319491206349206 0.8534334874999999 0.7337079746031746 0.8615808779761905 0.7257433566137566 0.870816131547619 0.7300127439153439
0 0.6245855095238095 0.7581148042328043 0.619262469642857 0.7735234613756614 0.6381708654761905 0.772511491005291 0.6429260214285715 0.7622966285714285 0.6642195303571429 0.7394707216931218 0.679524956547619 0.7436817343915344 0.6812942797619047 0.7496831862433863 0.6964204571428572 0.7333501216931216 0.7181217172619048 0.7677994941798941 0.7126207779761905 0.8014727957671958 0.7147965035714287 0.8259408063492063 0.7181887380952381 0.8281910518518518 0.7175223464285714 0.8010105925925927 0.7239004136904762 0.7870445227513228 0.7286884053571429 0.7876210783068783 0.7280712672619047 0.776627746031746 0.6992119720238095 0.7300027428571428 0.7023442172619048 0.7235390878306878 0.7029928416666668 0.7065151164021164 0.7069365422619048 0.6981758571428572 0.7238648791666666 0.6986356624338624 0.6901696869047619 0.6740556984126984 0.6753349863095238 0.6710853597883598 0.6659054148809525 0.6796849079365079 0.6570273095238095 0.6776949523809525 0.6533107630952381 0.683956693121693 0.6432804720238096 0.686958619047619 0.627212844047619 0.7008103365079364 0.6260606583333332 0.705802216931217 0.6223276934523809 0.7066682486772488 0.6332679476190476 0.7341649735449736 0.6280584845238095 0.748534871957672 0.6234004875 0.7523152666666666 0.6245855095238095 0.7581148042328043
0 0.5813692125000001 0.44349479576719575 0.5553356166666666 0.4431225523809524 0.5228432130952381 0.4685465566137566 0.49848178214285715 0.4806102328042328 0.5061912839285714 0.4821963597883598 0.5363669446428572 0.5777865714285715 0.5229936732142857 0.5947253788359789 0.5224257892857143 0.5999191735449736 0.5281388136904762 0.5975813661375661 0.5301352904761905 0.6015053005291006 0.5326353291666667 0.6174613248677249 0.521972830952381 0.6428829301587301 0.5212270476190476 0.6663413693121693 0.5140211071428572 0.6767873343915344 0.5117167357142858 0.6867710941798942 0.5248464357142857 0.6665140962962963 0.5460414369047619 0.6113139354497354 0.5673349452380952 0.5884880285714286 0.5687142845238095 0.5814186306878307 0.5664742357142858 0.5741765058201058 0.5767795851190476 0.5464754677248677 0.6020496303571429 0.5261017195767196 0.6026175142857143 0.5209079248677249 0.6114792017857144 0.5175021714285715 0.6172893845238095 0.5087298962962963 0.6237002875000001 0.5055552444444444 0.638112168452381 0.4846633164021164 0.6469902732142857 0.4866532708994709 0.6526868797619048 0.47891975555555555 0.6660929869047619 0.4727723661375661 0.662765075595238 0.45329623597883595 0.6707988892857142 0.4463703767195767 0.6639815839285714 0.4310784698412698 0.6688010630952381 0.40363772169312173 0.6464347601190477 0.38081661164021163 0.6377838083333333 0.3767491375661376 0.601963493452381 0.38269701164021164 0.5967376125 0.391671201058201 0.5960561517857142 0.3979037544973545 0.5996919577380952 0.4034721904761905 0.5970304375 0.4111765185185185 0.5909602654761905 0.41123489312169315 0.5813692125000001 0.44349479576719575
0 0.4144408172619048 0.4839088296296296 0.4253797226190476 0.4725968338624339 0.42992414285714287 0.4698551978835979 0.4371793375 0.4755963608465608 0.4412201964285714 0.4608226338624339 0.4461217654761905 0.46036042962962964 0.45042261428571434 0.4543006031746032 0.4591707244047619 0.4519336084656085 0.4665394958333333 0.4566360116402116 0.4765697869047619 0.4536340867724868 0.4938552720238095 0.45637332486772486 0.5025705464285715 0.4432149121693122 0.5029756 0.4228727492063492 0.49653186071428573 0.41525598306878303 0.47575698214285717 0.4167009693121693 0.44512971190476186 0.40288323597883596 0.44160748273809525 0.3962760412698413 0.44186747202380955 0.40498994074074074 0.4373230517857143 0.4077315767195767 0.4285585232142857 0.40470286243386244 0.42985712202380955 0.4094636412698413 0.4182203380952381 0.42161248253968253 0.40340340416666665 0.46284657354497355 0.3971224958333333 0.4703781746031746 0.38634642142857145 0.4968385396825397 0.3847399285714286 0.505985455026455 0.3905829476190476 0.5080045978835979 0.3986167613095238 0.5010787386243386 0.4005804023809523 0.494211255026455 0.4089877827380952 0.49496053756613756 0.4144408172619048 0.4839088296296296
0 0.27791118988095237 0.5014093947089947 0.28816863452380953 0.4963299523809524 0.29467669583333334 0.4867208328042328 0.3050641351190476 0.4859983396825397 0.3141201398809524 0.4697236507936508 0.3261469083333334 0.4706456592592593 0.34685611488095236 0.4476178380952381 0.3629401607142857 0.43916182857142855 0.3685067720238095 0.427071362962963 0.37900778809523805 0.4253101111111111 0.3813285779761905 0.4207220592592592 0.3579236660714286 0.4018540698412698 0.3495162863095238 0.40110478835978836 0.3207732654761905 0.4310584687830688 0.3145566803571429 0.4213641851851852 0.3067336017857143 0.4208168169312169 0.2938146375 0.4336005883597884 0.29454535238095236 0.4435551619047619 0.2872258351190476 0.4550398846560847 0.28746940654761904 0.4583580761904762 0.2929552773809524 0.4580977862433862 0.2962831886904762 0.4775739164021164 0.28114059345238096 0.48851127195767197 0.27742404642857144 0.4947730126984127 0.27791118988095237 0.5014093947089947
0 0.30050734404761903 0.5997704306878306 0.30635036309523805 0.6017895735449735 0.3098725922619048 0.6083967671957672 0.30773105178571425 0.6335288962962963 0.3186521898809524 0.5780124698412697 0.3235209226190476 0.5667588486772487 0.3338755261904762 0.5552449375661376 0.3329012398809524 0.5419721735449736 0.3190887297619048 0.5296530042328043 0.2948080398809524 0.5298865037037037 0.260222 0.5578210412698413 0.2594269630952381 0.5650923544973545 0.2624948851190476 0.5758545841269842 0.26148911190476193 0.5905991238095238 0.21510480714285715 0.6543428560846561 0.21268685833333334 0.6653653756613757 0.23524747857142855 0.6753175502645502 0.246267125 0.6521753767195767 0.2539437904761905 0.6429700857142857 0.28012244999999997 0.6142862656084657 0.30050734404761903 0.5997704306878306
0 0.3606931375 0.6981850433862433 0.36452326130952384 0.6908845439153439 0.36601617738095243 0.6827763862433863 0.3634189803571429 0.6732548296296297 0.35416730892857146 0.6635897333333334 0.34121550833333336 0.6655820867724868 0.3368818232142857 0.6608504962962963 0.33186667797619046 0.6623514582010582 0.3255378648809524 0.692504655026455 0.33341019702380953 0.7092391492063492 0.33436806547619047 0.7171162042328042 0.3428890220238095 0.716826728042328 0.3485692107142857 0.7036975026455027 0.3606931375 0.6981850433862433
0 0.46706891845238097 0.7457248603174603 0.4704283166666667 0.7371836878306879 0.48011787738095235 0.7372980391534392 0.4839315833333333 0.7246018306878307 0.4912511005952381 0.7131171068783069 0.495389118452381 0.6919089121693122 0.5022379107142857 0.6791835164021165 0.508225993452381 0.6521465968253969 0.49735141071428574 0.6462327068783068 0.47042561904761904 0.6595662444444444 0.4489377922619048 0.6952610878306879 0.4528007523809524 0.6987520052910053 0.45367787976190477 0.7184592380952382 0.4663861083333334 0.7131486931216932 0.47083337023809524 0.7168415248677249 0.46706891845238097 0.7457248603174603
0 0.5369100875 0.7946536867724867 0.5486768660714286 0.7868617957671957 0.5532048684523809 0.7787244507936507 0.5732654505952381 0.7727206010582011 0.573914075 0.7556966296296297 0.5701482744047619 0.7457712433862433 0.5538849797619048 0.7336831756613756 0.5401367928571429 0.7041381206349207 0.5397632267857143 0.6964629798941799 0.5352023880952381 0.6938089068783069 0.5298465125 0.698426146031746 0.5270714154761904 0.7071692338624339 0.5315350952380953 0.7162577746031746 0.5376066166666666 0.7550081206349206 0.5272848494047618 0.7773134497354497 0.5294113214285714 0.7855943333333334 0.5369100875 0.7946536867724867
0 0.7480236690476191 0.9268975396825397 0.7404277446428572 0.924272653968254 0.7314688982142857 0.9341128761904762 0.7305767023809524 0.9478186560846561 0.7364689750000001 0.9660249259259259 0.7458013875 0.9638598455026455 0.7541595136904762 0.9484220010582011 0.7532988041666667 0.9341104772486774 0.7480236690476191 0.9268975396825397
0 0.7987607750000001 0.9508985502645502 0.806031038095238 0.9232267005291006 0.8070039755952382 0.8976907428571429 0.8050074982142857 0.8937668095238096 0.7837454761904762 0.8885754126984127 0.781424686904762 0.8931634645502646 0.7873977005952381 0.8995395576719577 0.7884691458333334 0.906377853968254 0.7834060952380952 0.9305004116402117 0.7823031630952381 0.951679417989418 0.7987607750000001 0.9508985502645502
0 0.8728277220238095 1 0.8740549785714286 0.9887756687830688 0.883986761904762 0.9533994910052911 0.885106111904762 0.9376161925925925 0.8812267339285713 0.9287295661375662 0.8662784565476191 0.9267979851851852 0.8656298315476191 0.9438219566137566 0.8695584630952381 0.9688957100529101 0.8688770023809523 0.9751282634920635 0.8623525226190476 0.9793416751322751 0.8613303321428571 0.9886905047619048 0.8692862571428572 1 0.8728277220238095 1
0 0.47403938154761904 0.9648130328042328 0.4840860904761905 0.9672068169312169 0.4813753166666666 0.958724017989418 0.4819267827380952 0.9481345153439154 0.47793382797619044 0.9402866476190476 0.4700943321428571 0.9343435703703703 0.4482972625 0.9451373862433862 0.44609004940476193 0.9486866793650793 0.44717791249999994 0.9609206846560847 0.45316734404761905 0.9726924867724868 0.4646098107142857 0.973412580952381 0.46902423630952383 0.9663139957671958 0.47403938154761904 0.9648130328042328
0 0.14463278035714286 0.6666424306878307 0.1391961636904762 0.6830898465608466 0.14737638988095236 0.6859166465608466 0.15528020892857142 0.6746338380952381 0.1546794892857143 0.6690362148148149 0.14976150238095237 0.66410271005291 0.14463278035714286 0.6666424306878307
0 0.15487245773809521 0.6173585576719576 0.1506851857142857 0.6223796253968253 0.15167588988095237 0.6410480994708995 0.17642730476190477 0.6420552719576719 0.1821239113095238 0.6343217555555556 0.1839411398809524 0.6177016126984127 0.17318013392857143 0.6107489650793652 0.15487245773809521 0.6173585576719576
0 0.2290774494047619 0.6041929502645503 0.22555522023809524 0.5975857555555555 0.21644996130952382 0.5976733185185186 0.2061925166666667 0.6027527608465608 0.19910015297619046 0.6121599661375662 0.19244702797619048 0.6508251481481482 0.1937456261904762 0.655585926984127 0.19887434880952382 0.6530462052910052 0.2061774476190476 0.6361657735449735 0.22467944166666665 0.6166872455026455 0.2290774494047619 0.6041929502645503
0 0.20829987261904762 0.5280204941798942 0.20016889999999998 0.5413808201058201 0.1992602857142857 0.5496908920634921 0.20580118333333333 0.5508731904761904 0.21849299404761907 0.5401669365079366 0.2195151851190476 0.5308181058201058 0.21389931964285716 0.5267214455026454 0.20829987261904762 0.5280204941798942
0 0.050270047619047624 0.6922463566137567 0.050107217261904764 0.6770979883597884 0.025550119642857142 0.6632218804232805 0.016006971428571427 0.6728601873015874 0.050270047619047624 0.6922463566137567
0 0.5710899535714286 0.2879436444444444 0.559160344047619 0.2805871671957672 0.5440013309523809 0.28612881375661375 0.5371525386904762 0.2988542105820106 0.5363575011904762 0.3061255227513227 0.5402532970238095 0.32040785820105816 0.5694191375 0.31431644550264554 0.572615705952381 0.2906269047619048 0.5710899535714286 0.2879436444444444
0 0.43079587380952383 0.33432754497354494 0.4244821297619048 0.3310677291005291 0.40408081785714284 0.3401878560846561 0.3934183196428571 0.3656094613756614 0.41315458928571425 0.3681175968253968 0.4173418619047619 0.3630965291005291 0.42073409642857146 0.3653467735449735 0.43128301726190477 0.340963926984127 0.43079587380952383 0.33432754497354494
0 0.4076181160714286 0.3133820380952381 0.4061252 0.3214901957671958 0.4109296095238095 0.32746245925925926 0.42001845059523807 0.32197918835978834 0.42418930476190475 0.3115624116402116 0.4150676279761905 0.30625426455026455 0.4076181160714286 0.3133820380952381
0 0.3951973160714286 0.18296301587301586 0.39758377738095235 0.19995779894179894 0.40156031428571426 0.20240995873015874 0.41514432142857144 0.1779979248677249 0.41326142083333334 0.17303523174603175 0.4042697386904762 0.17208403492063493 0.3951973160714286 0.18296301587301586
0 0.5807262130952381 0.15544470582010583 0.5721888380952381 0.15033847301587303 0.5568998303571429 0.15152317037037036 0.5359142160714285 0.16044138306878308 0.5272632642857142 0.15637390899470902 0.5091020005952381 0.17273616084656085 0.5024967803571428 0.1887797492063492 0.527134618452381 0.1908256804232804 0.5391463178571428 0.2251607015873016 0.5439343095238095 0.22573725714285714 0.5785682541666667 0.17518112486772489 0.5807262130952381 0.15544470582010583
0 0.6952808714285714 0.16700260105820106 0.6939822726190477 0.16224182222222222 0.682864119047619 0.15300974285714286 0.6797318738095238 0.15947339788359788 0.6710973398809523 0.16080163386243387 0.6643457071428571 0.1670925619047619 0.6627392136904762 0.17623947830687833 0.6648492678571428 0.17912465291005292 0.6826218964285714 0.18850027301587302 0.6852834160714286 0.18079594391534393 0.6937879553571429 0.17511075873015874 0.6952808714285714 0.16700260105820106
0 0.6051530869047619 0.6252728105820106 0.5944741708333333 0.6452987068783069 0.6005771797619047 0.6560317492063492 0.611906069047619 0.6577906031746031 0.6214327988095238 0.6427565873015874 0.6145019172619048 0.6285034391534391 0.6051530869047619 0.6252728105820106
0 1 0.49644318624338624 0.9959608702380952 0.5005225925925926 0.9948086845238094 0.505514473015873 0.9975194583333333 0.5139972708994709 1 0.5145718634920635 1 0.49644318624338624
0 0.8099558517857143 0.3715653439153439 0.805882156547619 0.37554765291005293 0.7997640791666666 0.39822762222222224 0.8030755726190476 0.41230804444444447 0.7931109535714286 0.43689280423280424 0.7998954232142858 0.4413932941798942 0.8059491773809524 0.43593920952380955 0.8114816041666667 0.3742486052910053 0.8099558517857143 0.3715653439153439
0 0.8324672184523809 0.3653303925925926 0.837352369047619 0.35947247936507937 0.8312657785714285 0.354135146031746 0.8291721422619048 0.35664567936507935 0.8275013267857143 0.3830184814814815 0.8294978035714285 0.3869424148148148 0.8386030625 0.3868548529100529 0.8413781595238096 0.37811176507936506 0.8324672184523809 0.3653303925925926
0 0.4422041553571428 0.2854475005291005 0.43452748988095236 0.29465279153439156 0.43490105654761907 0.3023279322751323 0.44132837738095243 0.3045489894179894 0.4480800101190476 0.29825806137566135 0.4496865029761905 0.289111144973545 0.4465214220238095 0.28478338306878304 0.4422041553571428 0.2854475005291005
0 0.4653600994047619 0.14576241375661378 0.46256858452380956 0.14910979259259258 0.46294215119047616 0.15678493333333335 0.4682008678571428 0.1586021619047619 0.47355674404761905 0.15398492275132275 0.47318317738095234 0.14630978095238095 0.4653600994047619 0.14576241375661378
0 0.41568048928571427 0.6611303788359788 0.43189452976190473 0.6570313206349206 0.43634179107142856 0.6607241523809524 0.4560288071428571 0.6470451608465608 0.46427335654761903 0.6326460751322751 0.4650519755952381 0.619979053968254 0.45205092142857145 0.6057842814814814 0.43117888392857145 0.6136637343915344 0.42176573095238096 0.6276589915343915 0.41783844821428573 0.6413939597883598 0.4101453648809524 0.6452035417989418 0.41004820595238095 0.6516380095238095 0.4042216047619048 0.6550145756613757 0.3972592363095238 0.6687787312169312 0.3535036148809524 0.7140267164021165 0.35188070416666667 0.7177779238095238 0.35527293869047616 0.7200281682539682 0.3650596583333333 0.7137080529100529 0.38576886488095236 0.6906802306878307 0.4035893982142857 0.6774342560846561 0.41568048928571427 0.6611303788359788
0 0.8730273916666668 0.8428896148148147 0.8658050333333333 0.8479398698412699 0.8648964190476192 0.8562499417989419 0.867720769642857 0.863693980952381 0.871356575595238 0.8692624158730159 0.8762581446428571 0.8688002126984127 0.8795847071428571 0.8494676211640212 0.8730273916666668 0.8428896148148147
0 0.5793985964285714 0.7166276190476191 0.5765099232142857 0.7264094656084656 0.5802757238095237 0.7363348507936508 0.5864430553571428 0.7298420084656084 0.5885202732142857 0.7219357650793651 0.5861666482142857 0.715732398941799 0.5793985964285714 0.7166276190476191
0 0.39556795535714284 0.5733296603174602 0.3941886160714286 0.5803990582010582 0.39805157559523807 0.5838899756613757 0.40457605535714286 0.579676565079365 0.4065396964285714 0.5728090814814815 0.400923830952381 0.5687124211640211 0.39556795535714284 0.5733296603174602
0 0.30601390892857144 0.2610230677248677 0.29901870416666665 0.2639958052910053 0.2965843380952381 0.2696226158730159 0.29765578273809523 0.2764609121693122 0.3057060148809524 0.2749307619047619 0.30883825952380956 0.2684671068783069 0.30882184166666665 0.2630713978835979 0.30601390892857144 0.2610230677248677
0 0.26375794940476194 0.4922065026455027 0.23968934404761905 0.5237754973544974 0.23818001011904763 0.526487944973545 0.24029006369047617 0.5293731206349207 0.2528682982142857 0.5197056253968254 0.2599606619047619 0.5102984201058202 0.2652837017857143 0.49488976296296294 0.26375794940476194 0.4922065026455027
0 0.9469573244047619 0.8544231195767196 0.9563061547619048 0.8576537481481482 0.9568412029761905 0.8416685354497354 0.9519232160714286 0.8367350306878307 0.9466809172619047 0.8403135100529101 0.9469573244047619 0.8544231195767196
0 0.7871912410714286 0.5631300021164022 0.7859254785714286 0.5691606412698412 0.7882791041666666 0.5753640074074073 0.7949335785714285 0.5755075470899471 0.7962965 0.5630424391534392 0.7918492386904762 0.5593496074074074 0.7871912410714286 0.5631300021164022