0 0.20790311294117647 0.16385977601410937 0.22299400588235294 0.12601433509700177 0.22718574352941176 0.08456605467372134 0.20661717882352942 0.09490044620811289 0.17792168705882352 0.09055489770723105 0.16332622470588234 0.1017215291005291 0.15310166352941176 0.12461314638447972 0.16024126 0.15895586948853616 0.18875052235294115 0.17751782716049383 0.20790311294117647 0.16385977601410937
0 0.18338522705882354 0.2528452980599647 0.1989680188235294 0.2220158835978836 0.21301186117647058 0.18610880423280424 0.19047216823529411 0.20207392239858907 0.16657975411764706 0.19874496649029982 0.1406529588235294 0.21701715343915345 0.12543909176470588 0.2531085873015873 0.1346130694117647 0.2658501675485009 0.1655256376470588 0.26807300176366844 0.18338522705882354 0.2528452980599647
0 0.14528747294117647 0.06377596649029982 0.15070542352941177 0.07356259259259258 0.16683983529411767 0.06747362962962963 0.16807311529411764 0.051318860670194005 0.14818267647058825 0.054452871252204584 0.14528747294117647 0.06377596649029982
0 0.04129548117647059 0.5039999135802469 0.07393322705882353 0.4970840070546737 0.09203876588235294 0.48536431569664906 0.13415969411764705 0.47872758730158727 0.13108179411764706 0.468572253968254 0.11494738235294118 0.4746612169312169 0.09481452823529411 0.44059237566137566 0.08403834705882354 0.438743544973545 0.05761965411764706 0.44999970370370374 0.030336604705882356 0.48267265255731917 0.03273637647058823 0.5000283668430334 0.04129548117647059 0.5039999135802469
0 0.1777036623529412 0.40802484479717815 0.17413386352941174 0.3908534832451499 0.14402239764705882 0.38318427336860666 0.13152103764705883 0.3904741834215168 0.12363652823529411 0.41299709523809525 0.1642149717647059 0.4349775379188712 0.16772504941176472 0.4344244761904762 0.16581717647058825 0.42408478835978836 0.1777036623529412 0.40802484479717815
0 0.19895742000000002 0.3231003968253968 0.19538408941176472 0.339623873015873 0.21318042470588236 0.34036658377425044 0.26146068352941176 0.3203456860670194 0.26398696352941176 0.30576057142857144 0.30377137294117645 0.26579771252204587 0.3069160588235294 0.22628779365079366 0.30359220941176474 0.21262444620811286 0.2889370270588235 0.20606665432098764 0.2839477211764706 0.21926646913580247 0.2274737494117647 0.2742726790123457 0.20000800352941175 0.2874671992945326 0.1947727482352941 0.29715900176366844 0.19895742000000002 0.3231003968253968
0 0.31364114235294116 0.10286472310405644 0.3258332976470588 0.1080372151675485 0.3431377352941177 0.10176389770723104 0.3577964505882353 0.07462685185185186 0.3558921094117647 0.03059232804232804 0.3469008282352941 0.037329176366843034 0.32805744117647057 0.0385248253968254 0.3252254905882353 0.031877506172839506 0.31130815647058824 0.035843754850088186 0.30311444352941175 0.07082906701940035 0.31124136941176467 0.08550900881834214 0.31364114235294116 0.10286472310405644
0 0.38716653647058824 0.10546685890652557 0.4032376941176471 0.11534831040564374 0.4195583341176471 0.09504293827160494 0.4362514305882353 0.04630474955908289 0.4226432988235294 0.03780859788359788 0.3991198094117647 0.03974166137566138 0.38255321999999997 0.056539019400352726 0.37121835294117644 0.09733941269841269 0.3720791764705882 0.10961746208112874 0.3782982294117647 0.11395771428571429 0.38716653647058824 0.10546685890652557
0 0.3613029952941177 0.10776862962962963 0.34165850588235297 0.11441065432098765 0.34147227764705884 0.12862706172839505 0.34769133058823526 0.13296731569664902 0.36641174235294116 0.1300176578483245 0.3665979717647059 0.11580125044091709 0.3613029952941177 0.10776862962962963
0 0.5789769082352941 0.19228780423280423 0.5795917811764706 0.20105783950617284 0.61783724 0.1560173139329806 0.6169764176470588 0.14373926455026456 0.5966538023529412 0.15758167019400351 0.5789769082352941 0.19228780423280423
0 0.6406158164705883 0.21094988359788358 0.6327980929411765 0.18380754144620812 0.6210978352941177 0.1856510758377425 0.6204197082352941 0.19285145679012347 0.59695594 0.21250894356261021 0.5878381494117647 0.2511866243386244 0.5952272282352942 0.2553425238095238 0.6160417423529412 0.2485161446208113 0.6406158164705883 0.21094988359788358
0 0.5586016376470588 0.12101611111111112 0.5686996917647059 0.13006532451499117 0.5847111282352941 0.12222235449735451 0.5965976141176471 0.10616241093474428 0.5969068176470588 0.09370000881834215 0.6060843282352941 0.07274675132275132 0.6071946329411765 0.05483797530864198 0.5964184517647059 0.05298914285714286 0.5907545517647059 0.039694502645502644 0.5682148588235294 0.05565962257495591 0.5515850152941176 0.0884273950617284 0.5537388388235295 0.10227509700176367 0.5613738670588235 0.10993901058201058 0.5586016376470588 0.12101611111111112
0 0.6549424247058824 0 0.6542451458823529 0.01727700881834215 0.6369371752941176 0.05724516402116402 0.6396426176470589 0.09583331569664903 0.6314489047058824 0.13081862786596118 0.6249206494117647 0.13894077601410934 0.6393298823529411 0.14199055379188713 0.6603306247058823 0.12094776895943564 0.6836749517647058 0.06584143738977073 0.6778283564705881 0.033068366843033506 0.6869633388235294 0 0.6549424247058824 0
0 0.8200022141176471 0.15431097354497353 0.8275142682352941 0.1602208783068783 0.845560085882353 0.13077676543209876 0.8560341294117647 0.07769832451499117 0.8398364647058824 0.09975770194003528 0.8200022141176471 0.15431097354497353
0 0.8438875623529412 0.2250296049382716 0.8581176329411765 0.1749061164021164 0.85879576 0.16770573544973544 0.8538697082352942 0.16493513580246913 0.8351457623529412 0.2015796296296296 0.8313897364705882 0.19862467724867724 0.819071071764706 0.22539301587301586 0.8200548694117648 0.23942507054673723 0.8318781023529412 0.2393355414462081 0.8438875623529412 0.2250296049382716
0 0.7794799576470588 0.1837497901234568 0.7650671917647058 0.21439485008818343 0.7629098352941176 0.23424198589065254 0.777196094117647 0.2355377566137566 0.7902526058823529 0.2192934585537919 0.7949362423529411 0.1848612081128748 0.7794799576470588 0.1837497901234568
0 0.7023179788235294 0.2136415467372134 0.7252301282352941 0.1692436102292769 0.7232625329411765 0.14117950088183423 0.7276369658823528 0.11920965079365078 0.7065729694117647 0.15622285185185183 0.6839103023529411 0.17043396472663142 0.6678356117647058 0.19424734920634923 0.6749154870588235 0.2108656507936508 0.6746062847058824 0.2233280529100529 0.7023179788235294 0.2136415467372134
0 0.831686994117647 0 0.8197668635294117 0.049718446208112874 0.8225355599999999 0.07233618165784832 0.831772791764706 0.06910734744268078 0.8490210411764705 0.011414768959435625 0.8493042505882352 0 0.831686994117647 0
0 0.8057862752941176 0.06965511111111111 0.8051116811764706 0.04316065432098765 0.8003086035294117 0.042144061728395056 0.7966720188235293 0.07463795238095237 0.8057862752941176 0.06965511111111111
0 0.7949853647058824 0.30367014285714283 0.7993562635294117 0.31539513051146384 0.808224571764706 0.30690427513227514 0.8143839035294117 0.29352010405643736 0.8114289788235295 0.2851187777777778 0.7949853647058824 0.30367014285714283
0 0.650703271764706 0.32108360846560846 0.6429452694117647 0.31166568959435625 0.6282268329411764 0.32107831216931215 0.6099350658823529 0.3470144126984127 0.6171379152941177 0.3653867195767196 0.60371248 0.37636899647266314 0.5921949176470588 0.39769096119929453 0.6069695423529412 0.43969759788359786 0.6378188564705882 0.45789084832451504 0.6647329823529412 0.4199558783068783 0.6776032658823529 0.4179279894179894 0.691583854117647 0.3979913245149912 0.6929401082352942 0.3835905626102293 0.6890611070588236 0.3788816031746032 0.667877668235294 0.3804459594356261 0.6625826917647059 0.37241334038800705 0.6534684352941177 0.37739618165784833 0.6445404070588234 0.3681626155202822 0.6406016847058824 0.3457292328042328 0.650703271764706 0.32108360846560846
0 0.7015765976470588 0.23681234215167546 0.7009617247058824 0.22804230864197533 0.6904314929411765 0.22970149029982365 0.6835940341176471 0.25028604056437387 0.7015765976470588 0.23681234215167546
0 0.6401168517647059 0.2713235308641975 0.6290314682352941 0.28193710052910054 0.6275522388235294 0.2945838553791887 0.6372813694117647 0.29837104761904765 0.65594206 0.2776969682539683 0.6528641611764706 0.26754163492063493 0.6401168517647059 0.2713235308641975
0 0.6182517541176471 0.3137831058201058 0.6053814705882353 0.31581099647266314 0.5877678305882353 0.33454671428571425 0.5935547047058823 0.34959536155202825 0.6150473470588236 0.33556860317460313 0.6202826023529412 0.3258768007054674 0.6182517541176471 0.3137831058201058
0 0.5589422976470588 0.3958368342151675 0.5418205564705882 0.4215885802469136 0.5350428188235294 0.4598975520282187 0.5504991023529412 0.4610089700176367 0.5814152035294118 0.42953696825396825 0.5759375317647059 0.4020259188712522 0.5589422976470588 0.3958368342151675
0 0.4849953247058823 0.30285858024691353 0.47612701764705884 0.3113494373897707 0.4745248141176471 0.3222421851851852 0.4828379682352941 0.3227057160493827 0.49614042941176467 0.30996943386243386 0.49657260705882356 0.2992610388007054 0.4849953247058823 0.30285858024691353
0 0.4704560505882353 0.3654444708994709 0.47322828 0.3543673686067019 0.470027405882353 0.34245802821869487 0.4502599435294118 0.3473460458553792 0.43221412470588233 0.3767901587301587 0.43270602352941173 0.3838061869488536 0.436708 0.39026915343915347 0.45764548823529416 0.3851967830687831 0.4704560505882353 0.3654444708994709
0 0.45603268588235296 0.49717404409171073 0.43503194352941177 0.5182168289241622 0.4495641517647059 0.5230206137566137 0.47284169176470586 0.5175795361552028 0.511146871764706 0.49026343386243393 0.47777127647058826 0.48665529805996477 0.45603268588235296 0.49717404409171073
0 0.5006904929411765 0.37486768783068786 0.49724366941176473 0.3594503333333333 0.4838182329411765 0.3704326102292769 0.4867731576470588 0.3788339365079365 0.5006904929411765 0.37486768783068786
0 0.3890390811764706 0.45275492239858905 0.4091754682352941 0.45312892592592596 0.42352498 0.4384542821869489 0.4239571576470588 0.42774588712522044 0.4049907964705883 0.4271875291005291 0.3890390811764706 0.45275492239858905
0 0.37653065529411767 0.5274345079365079 0.39857491647058824 0.5381481975308642 0.4261636364705882 0.5267076860670195 0.42942776352941175 0.5226466119929453 0.4263498647058823 0.5124912768959435 0.40621347764705884 0.5121172733686067 0.3888493188235294 0.5006661693121693 0.3610146505882353 0.5085986666666666 0.3569494211764706 0.5181061164021163 0.3602732694117647 0.5317694638447972 0.37653065529411767 0.5274345079365079
0 0.294878334117647 0.5101524320987655 0.28471702705882357 0.5170736349206349 0.2807747717647059 0.5283350899470899 0.2929669282352941 0.533507582010582 0.3156295952941176 0.5192964691358025 0.31513769647058826 0.512280442680776 0.294878334117647 0.5101524320987655
0 0.3873386329411765 0.22602980070546735 0.38044145294117643 0.22888992768959435 0.3764991976470588 0.2401513844797178 0.382841225882353 0.2462456437389771 0.39312550823529413 0.24107844797178132 0.3946047364705882 0.22843169312169312 0.3873386329411765 0.22602980070546735
0 0.3457060717647059 0.27337739329806 0.3256294047058823 0.29072781305114637 0.32870730470588233 0.3008831463844797 0.33843643411764707 0.3046703386243386 0.3542019223529412 0.29331935449735447 0.3546341 0.2826109594356261 0.3457060717647059 0.27337739329806
0 0.2846714376470588 0.36456986243386247 0.2864563364705882 0.37315554320987654 0.2938454152941177 0.377311442680776 0.30659272352941175 0.37352954673721345 0.31299800470588235 0.3636533897707231 0.3107212070588235 0.34805168253968255 0.2846714376470588 0.36456986243386247
0 0.23508051294117646 0.5514952945326279 0.20145543647058825 0.5780739823633156 0.19529610470588235 0.591458151675485 0.22725572352941176 0.5917426261022928 0.24055818470588236 0.579006343915344 0.24012954 0.5560198994708995 0.23508051294117646 0.5514952945326279
0 0.25372707294117647 0.6656005661375661 0.26123912588235293 0.6715104708994709 0.2744186129411765 0.6570201798941799 0.2714636882352941 0.6486188536155203 0.2597634305882353 0.6504623897707231 0.25372707294117647 0.6656005661375661
0 0.7076444129411764 0.5089572892416225 0.7223628482352941 0.4995446666666667 0.7437957694117647 0.46779348500881834 0.7507562023529413 0.4489629417989418 0.7283394847058824 0.4666820687830687 0.7076444129411764 0.5089572892416225
0 0.6748907564705883 0.4467295149911817 0.6565989894117648 0.4726656137566137 0.6551197611764706 0.48531236860670196 0.6760572494117646 0.4802399982363316 0.7001991458823529 0.45338213051146387 0.7053114270588235 0.4419363227513228 0.6748907564705883 0.4467295149911817
0 0.7497794717647058 0.36754121164021164 0.7684998835294118 0.36459155555555556 0.7874065247058822 0.3474254902998236 0.7808818011764707 0.32185280070546735 0.7531068529411764 0.34750972134038804 0.7497794717647058 0.36754121164021164
0 0.7567469705882353 0.2813209929453263 0.7493578929411765 0.2771650934744268 0.7365473305882353 0.296917405643739 0.746153485882353 0.29895059082892417 0.7567469705882353 0.2813209929453263
0 0.7185015117647059 0.3263615185185185 0.699717845882353 0.3452815908289242 0.6976834647058823 0.36688273368606705 0.7195450305882354 0.3581179947089947 0.7310625917647058 0.33679603174603173 0.7337118470588235 0.32396492239858904 0.7185015117647059 0.3263615185185185
0 0.6634293823529412 0.5194707389770723 0.6730355388235294 0.5215039241622574 0.6875080247058822 0.5085832874779541 0.6969314847058823 0.49113804232804237 0.6827682011764706 0.49159627865961203 0.6634293823529412 0.5194707389770723
0 0.6165053776470588 0.525090873015873 0.5990147129411765 0.5455805996472664 0.605479714117647 0.5534288659611993 0.616009945882353 0.5517696843033509 0.6291894329411765 0.53727939329806 0.6270356094117647 0.5234316913580247 0.6165053776470588 0.525090873015873
0 0.5666791035294118 0.6074237795414462 0.5877395670588236 0.6041054162257495 0.6004271541176471 0.5825990970017637 0.5993203823529412 0.5668130352733686 0.5898372023529412 0.5665338571428571 0.5666791035294118 0.6074237795414462
0 0.5921104670588235 0.6158304021164022 0.5501089811764706 0.657915975308642 0.5485067776470588 0.6688087231040564 0.5816364223529412 0.6689088447971782 0.60146714 0.6480504126984127 0.6005465964705883 0.6180479417989417 0.5921104670588235 0.6158304021164022
0 0.5047907129411765 0.6189485238095238 0.49265827764705883 0.631500455026455 0.4909330988235294 0.6406391957671959 0.508729434117647 0.6413819065255733 0.5215399976470588 0.6216295961199294 0.5222181247058824 0.6144292134038801 0.5047907129411765 0.6189485238095238
0 0.44248074235294116 0.5400971516754851 0.42203515294117644 0.5521855502645503 0.42067889882352943 0.5665863121693121 0.43496515647058825 0.5678820828924163 0.45165472 0.5528387319223986 0.4522098729411765 0.5438843439153439 0.44248074235294116 0.5400971516754851
0 0.4737481035294117 0.6823613580246913 0.4645108717647059 0.685590192239859 0.4593985917647059 0.6970360017636684 0.47134479764705883 0.698700479717813 0.48606323411764707 0.6892878571428571 0.4831083094117647 0.680886529100529 0.4737481035294117 0.6823613580246913
0 0.45292652352941176 0.7565774109347443 0.43759321411764707 0.75722 0.4322349835294118 0.765157795414462 0.4393148588235294 0.7817760952380952 0.4778659882352941 0.7579680070546737 0.47454214 0.7443046596119929 0.45292652352941176 0.7565774109347443
0 0.3868534611764706 0.7421607601410936 0.38629830941176474 0.7511151481481482 0.4129629517647059 0.7433670017636684 0.40976207764705885 0.7314576613756614 0.3966458447058824 0.7299775361552029 0.3868534611764706 0.7421607601410936
0 0.07321913529411765 1 0.07468133529411765 0.9970601975308642 0.07406646235294118 0.9882901622574954 0.0526476694117647 1 0.07321913529411765 1
0 0.16730313176470588 0.9345850211640212 0.15295362 0.9492596649029983 0.14272905764705882 0.9721512821869489 0.1485159329411765 0.9871999312169312 0.1744427282352941 0.9689277442680776 0.17616790588235293 0.9597890017636685 0.16730313176470588 0.9345850211640212
0 0.35601827882352943 0.5891881587301587 0.3671633835294118 0.5962990105820106 0.3768327929411765 0.5823617813051147 0.37609494470588234 0.5718377389770722 0.3643946870588235 0.5736812751322752 0.35601827882352943 0.5891881587301587