0 0.380833375 0.310102765 0.38526861 0.3367858975 0.3945640183333334 0.34103909 0.40750129333333335 0.33620065250000003 0.4164021916666667 0.31741258250000004 0.3986264783333333 0.29314215 0.380833375 0.310102765
0 0.4842663833333333 0.42601169 0.48427073 0.4157039275 0.4753785266666667 0.413876475 0.46890554 0.42660345499999996 0.4842663833333333 0.42601169
0 0.428515675 0.34895371500000005 0.439831445 0.35502784499999995 0.4361982683333333 0.3435039525 0.428515675 0.34895371500000005
0 0.44424929166666666 0.422942025 0.4583961766666667 0.425380805 0.45476300166666667 0.4138569125 0.44424929166666666 0.422942025
0 0.4438026183333333 0.523593905 0.46563644666666665 0.51027516 0.46564079333333336 0.4999673975 0.45715179166666664 0.5005656825 0.4531154133333334 0.4866160525 0.43047952666666667 0.484775555 0.41754225166666664 0.4896139925 0.40742739666666666 0.5114326075000001 0.4086370066666667 0.518709825 0.4438026183333333 0.523593905
0 0.3540480916666667 0.56231445 0.4146894 0.5447881525 0.4247999083333333 0.5332773025 0.3904450483333333 0.5229369375 0.34434948 0.5556355150000001 0.3540480916666667 0.56231445
0 0.2501553716666667 0.57798069 0.24974782 0.5858627125 0.2707622016666667 0.5986157750000001 0.2853166366666666 0.5931725325 0.28128025833333337 0.5792229 0.2501553716666667 0.57798069
0 0.4718409816666666 0.1755818175 0.460520865 0.17981545000000002 0.4613142316666667 0.215590215 0.46899247833333335 0.220448215 0.483954465 0.20712295 0.48234599833333336 0.18711223 0.4718409816666666 0.1755818175
0 0.5546628133333333 0.2811634225 0.5566744816666667 0.30359988 0.5671838450000001 0.30482253 0.5922519916666666 0.290294175 0.5797309583333333 0.2666350675 0.5546628133333333 0.2811634225
0 0.6908726416666667 0.31524766 0.6884534233333333 0.30069322249999997 0.67753651 0.307352595 0.6775321633333333 0.3176603575 0.6908726416666667 0.31524766
0 0.6399299433333333 0.33945289 0.6197132750000001 0.35216683000000004 0.6152606533333334 0.366714745 0.6265677283333333 0.3934043975 0.667408615 0.360094495 0.6633722366666667 0.3461448625 0.6399299433333333 0.33945289
0 0.6480461683333333 0.2642745325 0.6638058683333333 0.2764162675 0.6690648966666667 0.2667198325 0.6480461683333333 0.2642745325
0 0.6055837766666666 0.3084970025 0.61568559 0.317601675 0.636708665 0.3097392125 0.6350958516666666 0.300036255 0.6189286033333333 0.29577654 0.6055837766666666 0.3084970025
0 0.8195042033333333 0.10739537 0.7439009083333333 0.1382469325 0.762894925 0.14917906 0.79443171 0.1322314875 0.8417281933333334 0.12742565250000001 0.8433496983333333 0.116513085 0.8195042033333333 0.10739537
0 0.8970626566666666 0.2329811725 0.87927825 0.2293262625 0.8651183233333334 0.25781077 0.8400501766666667 0.272339125 0.8246676000000001 0.3244696975 0.8400284416666667 0.323877935 0.8930132383333333 0.2499548275 0.8970626566666666 0.2329811725
0 0.73487395 0.4559601 0.74578217 0.46991625249999996 0.770850315 0.45538789749999997 0.7716654150000001 0.43962385249999997 0.7587324866666666 0.4341545275 0.73487395 0.4559601
0 0.8553849366666666 0.33359393249999997 0.8359790233333334 0.34085159 0.8323328066666666 0.3602509825 0.8484957083333333 0.37481845999999996 0.8743702616666666 0.365141585 0.8776089266666666 0.3536242125 0.8553849366666666 0.33359393249999997
0 0.9520330416666667 0.2433410975 0.9698131016666668 0.25730377 0.9669906799999999 0.24032359499999997 0.9520330416666667 0.2433410975
0 0.9168196116666667 0.3518424 0.9301600916666666 0.3494297025 0.9422953083333334 0.3294320225 0.9431104083333334 0.3136679775 0.9237044950000001 0.320925635 0.9168196116666667 0.3518424
0 0.8486217683333334 0.07589336249999999 0.85185174 0.084991515 0.8708544516666666 0.0753081175 0.8801585533333334 0.0589457875 0.8550947533333334 0.06316638000000001 0.8486217683333334 0.07589336249999999
0 0.3706098483333333 0.5896154275 0.39001141666666667 0.5926655325 0.3879954 0.580536835 0.3706098483333333 0.5896154275
0 0.3956519133333333 0.636933645 0.40858919 0.6320952075 0.40737958 0.62481799 0.39403910166666667 0.6272306875 0.3956519133333333 0.636933645
0 0.3681515083333333 0.66783085 0.3629011733333333 0.6569117624999999 0.3382405766666667 0.6635580950000001 0.343486565 0.6847849425 0.3681515083333333 0.66783085
0 0.32128865666666667 0.60290809 0.34513415166666667 0.612025805 0.338271005 0.5914037600000001 0.32128865666666667 0.60290809
0 0.31240079833333334 0.5907728725 0.3107879866666667 0.5810699175 0.29946787 0.58530355 0.3006774783333333 0.5925807675 0.31240079833333334 0.5907728725
0 0.297815935 0.6683704500000001 0.29377955666666666 0.65442082 0.2658846416666667 0.66227676 0.27841002 0.6756281075 0.297815935 0.6683704500000001
0 0.23881352000000003 0.6337531325 0.2363943 0.6191986975 0.22143666166666667 0.6222162 0.2270902 0.635561025 0.23881352000000003 0.6337531325
0 0.2250263683333333 0.7368177124999999 0.2197673383333333 0.7465141475 0.22744124 0.76167991 0.270701345 0.7429244425 0.26181348666666665 0.7307892250000001 0.2250263683333333 0.7368177124999999
0 0.21452135166666664 0.7252873 0.21048497333333333 0.7113376675 0.19350262333333335 0.722842 0.20764516333333333 0.73558854 0.21452135166666664 0.7252873
0 0.5185777733333333 0.539429675 0.533123515 0.554601955 0.5521262266666667 0.5449185599999999 0.5541509366666667 0.5364317325 0.5460694866666667 0.529147995 0.5185777733333333 0.539429675
0 0.5969947966666667 0.5461738125 0.6159931616666666 0.5467981774999999 0.6151911016666667 0.5316389375 0.5969947966666667 0.5461738125
0 0.534333125 0.561879175 0.5432209816666667 0.57401439 0.5602033316666667 0.5625100599999999 0.5606108816666667 0.5546280375 0.5476779516666667 0.5491587125 0.534333125 0.561879175
0 0.48297853 0.60427419 0.47328861333333333 0.57697973 0.44822046666666665 0.591508085 0.4607414983333334 0.615167195 0.48297853 0.60427419
0 0.41703472166666666 0.7345745425 0.42067659166666665 0.7254829100000001 0.40774366166666665 0.7200135849999999 0.39561279166666663 0.7297035024999999 0.41703472166666666 0.7345745425
0 0.4420985216666667 0.7303539499999999 0.4493692183333333 0.7430939725000001 0.45947538 0.7418908825 0.46554081500000005 0.737045925 0.4598872766666667 0.7237010975 0.4420985216666667 0.7303539499999999
0 0.39882972333333333 0.76972494 0.428740655 0.7739976975 0.41985279666666664 0.76186248 0.39882972333333333 0.76972494
0 0.6847072283333333 0.5571711425 0.7061335049999999 0.5517344200000001 0.7004799666666667 0.538389595 0.6847072283333333 0.5571711425
0 0.6192187866666666 0.5662040925 0.6224487599999999 0.575302245 0.6418546733333333 0.5680445875 0.647516905 0.56077389 0.6402462083333333 0.5480338675 0.6192187866666666 0.5662040925
0 0.5732101583333333 0.39274743 0.5776540866666666 0.3988150375 0.5914021166666666 0.38852031750000005 0.5918096666666667 0.38063829499999996 0.5796831433333334 0.38002045 0.5732101583333333 0.39274743
0 0.9389436233333334 0.6089512075 0.95065825 0.6277588374999999 0.9640030749999999 0.615038375 0.96239461 0.5950276575 0.9567367250000001 0.5919905925 0.9389436233333334 0.6089512075
0 1 0.6497525375 0.9951149233333333 0.6472038725 0.9785314300000001 0.671441705 0.9825678083333335 0.6853913375 0.9999533600000001 0.676312745 1 0.676376425 1 0.6497525375
0 0.9235306183333334 0.733236115 0.9231317616666667 0.7205026125 0.9053473533333333 0.7168477025 0.9118072983333334 0.7350440075 0.9235306183333334 0.733236115
0 0.8523625566666666 0.79077081 0.849540135 0.773790635 0.837816815 0.7755985275 0.840236035 0.7901529625000001 0.8523625566666666 0.79077081
0 0.7646196983333333 0.8519278124999999 0.7722935983333333 0.8670935725 0.7856340783333333 0.8646808749999999 0.7848320183333333 0.8495216325 0.7767505683333333 0.8422378949999999 0.7646196983333333 0.8519278124999999
0 0.6890294433333334 0.8518560875 0.70155917 0.8548996725000001 0.6979259950000001 0.8433757799999999 0.6890294433333334 0.8518560875
0 0.61502592 0.9233338925 0.62269982 0.938499655 0.6384638666666667 0.9403336299999999 0.644932505 0.9379144100000001 0.6380650099999999 0.9276001275 0.61502592 0.9233338925
0 0.8940576650000001 0.6489270025 0.8960867216666666 0.6301324125 0.8758700533333332 0.6428463524999999 0.8827375483333333 0.653160635 0.8940576650000001 0.6489270025
0 0.8689895183333334 0.6634553575 0.8665703 0.64890092 0.8580812983333334 0.649499205 0.8592865616666667 0.6670841849999999 0.8689895183333334 0.6634553575
0 0.85159962 0.68284171 0.8447364733333333 0.662219665 0.8293712833333333 0.6731191925000001 0.8362387783333334 0.683433475 0.85159962 0.68284171
0 0.8600494983333334 0.775013285 0.8681222566666665 0.8029125475 0.8830842416666667 0.7895872799999999 0.8851089516666667 0.7811004525 0.8725835716666668 0.7677491075 0.8600494983333334 0.775013285
0 0.8112532233333334 0.50211435 0.80802325 0.49301619750000003 0.795085975 0.497854635 0.791036555 0.5148282900000001 0.8112532233333334 0.50211435
0 0.7655391233333333 0.5887774775 0.7691723 0.6003013700000001 0.79302649 0.58880356 0.7954544016666667 0.5827424725 0.7857557916666668 0.5760635375 0.7655391233333333 0.5887774775
0 0.85734879 0.4694157725 0.8557359766666667 0.45971281500000005 0.8427987016666666 0.4645512525 0.8326838466666666 0.4863698675 0.85734879 0.4694157725
0 0.7093547833333333 0.5814480975 0.7113794933333334 0.57296127 0.7041044483333333 0.57052901 0.6879328533333333 0.5765770575 0.7093547833333333 0.5814480975
0 0.66325487 0.6244544375000001 0.6612388533333333 0.61232574 0.64021578 0.6201882025 0.6495068399999999 0.6347491575 0.66325487 0.6244544375000001
0 0.7154028316666666 0.6178341875000001 0.7016548016666667 0.6281289075 0.7166080933333333 0.6354191674999999 0.7263110516666667 0.6317903375 0.7246982383333334 0.6220873825000001 0.7154028316666666 0.6178341875000001
0 0.42890149 0.39261050249999996 0.4422376216666667 0.400505565 0.4515373766666666 0.39445099749999996 0.4519449266666667 0.386568975 0.436991635 0.37927871750000003 0.42890149 0.39261050249999996
0 0.447717285 0.8261608725 0.4642920833333333 0.822538565 0.46267927 0.8128356075000001 0.447717285 0.8261608725
0 0.5872831466666667 0.570418165 0.5739470133333333 0.5625231 0.5565571149999999 0.581909455 0.56180745 0.5928285424999999 0.58201977 0.5904223625 0.589702365 0.5849726 0.5872831466666667 0.570418165
0 0.5827914016666667 0.6777359375 0.5920868083333334 0.6819891325 0.6171549550000001 0.6674607775 0.620796825 0.6583691450000001 0.5973545316666666 0.6516771699999999 0.5827914016666667 0.6777359375
0 0.6311377183333333 0.1005469075 0.6319528183333334 0.0847828625 0.6186123383333333 0.0871955625 0.6206283549999999 0.0993242575 0.6311377183333333 0.1005469075
0 0.4043104433333333 0.2343326425 0.40996832833333335 0.2373697075 0.41967563333333335 0.223433115 0.41403078833333334 0.18947276500000002 0.4035127316666667 0.20886564 0.4043104433333333 0.2343326425
0 0.038880203333333335 0.25763313 0.04655410333333333 0.2727988925 0.05706781500000001 0.26371378 0.038880203333333335 0.25763313
0 0.017870169999999998 0.23457230750000002 0.025145215 0.2370045675 0.01828641333333333 0.20607476 0.017870169999999998 0.23457230750000002
0 0.02794590166666667 0.3055235525 0.029567408333333337 0.294610985 0.01542487 0.28186444250000003 0.01299261 0.2982332925 0.02794590166666667 0.3055235525
0 0.404661485 0.360451525 0.41072257166666665 0.36591433 0.41032371666666667 0.3531808275 0.404661485 0.360451525
0 0.4062438683333333 0.4423088175 0.40746217166666665 0.42897050999999997 0.3929077366666667 0.4344137525 0.39613770833333334 0.44351190500000004 0.4062438683333333 0.4423088175
0 0.13576198166666667 0.571808755 0.14223061833333334 0.569389535 0.132943905 0.5445208175 0.12606771666666666 0.55482206 0.13576198166666667 0.571808755
0 0.6775060816666667 0.37950693 0.677107225 0.3667734275 0.6629559916666666 0.37464241000000004 0.6661859649999999 0.38374056250000005 0.6775060816666667 0.37950693
0 0.92809626 0.4506863875 0.94143674 0.44827368749999996 0.9402271299999999 0.44099647 0.92809626 0.4506863875
0 1 0.418303925 0.9632749133333334 0.4246471825 0.9652909300000001 0.4367758775 0.9867172066666666 0.43133915500000003 0.9915643383333332 0.4398325025 1 0.4366776325 1 0.418303925
0 0.9018054633333332 0.48886081 0.9042377233333334 0.47249196 0.8771492133333334 0.48519938 0.8811855916666667 0.49914901 0.9018054633333332 0.48886081
0 0.9133766416666667 0.847824585 0.90892402 0.8623725 0.9246924116666666 0.853898715 0.9133766416666667 0.847824585
0 0.169210455 0.8143761650000001 0.19225389166666665 0.8083346400000001 0.18902391999999998 0.7992364875 0.169210455 0.8143761650000001
0 0.31675344333333333 0.813303485 0.3171609933333333 0.8054214625 0.30584087666666665 0.809655095 0.307050485 0.8169323125 0.31675344333333333 0.813303485
0 0.305827835 0.8405783800000001 0.31633719833333335 0.8418010300000001 0.316341545 0.83149327 0.305827835 0.8405783800000001