0 0.28125 0 0.28125 0.006956521739130435 0.2958984375 0.03130434782608696 0.2958984375 0.04 0.2890625 0.043478260869565216 0.2763671875 0.07304347826086957 0.2646484375 0.06782608695652174 0.2666015625 0.09913043478260869 0.275390625 0.12695652173913044 0.2744140625 0.1426086956521739 0.2880859375 0.17739130434782607 0.3212890625 0.18608695652173912 0.3193359375 0.21217391304347827 0.3115234375 0.22434782608695653 0.3125 0.2643478260869565 0.3193359375 0.27304347826086955 0.3271484375 0.3026086956521739 0.3017578125 0.3356521739130435 0.291015625 0.3217391304347826 0.283203125 0.32 0.2802734375 0.34782608695652173 0.330078125 0.8608695652173913 0.337890625 0.8991304347826087 0.3427734375 0.9026086956521739 0.3505859375 0.928695652173913 0.3515625 0.9982608695652174 0.8056640625 0.9982608695652174 0.796875 0.951304347826087 0.794921875 0.8921739130434783 0.7841796875 0.8869565217391304 0.7783203125 0.8469565217391304 0.771484375 0.84 0.7705078125 0.8295652173913044 0.7802734375 0.8191304347826087 0.7783203125 0.7704347826086957 0.7705078125 0.7547826086956522 0.76171875 0.6765217391304348 0.75 0.6330434782608696 0.7470703125 0.5965217391304348 0.7392578125 0.5808695652173913 0.7265625 0.5008695652173913 0.7197265625 0.4973913043478261 0.7177734375 0.4678260869565217 0.7685546875 0.37043478260869567 0.8017578125 0.39652173913043476 0.8076171875 0.38608695652173913 0.8056640625 0.37217391304347824 0.7939453125 0.35130434782608694 0.7548828125 0.3060869565217391 0.669921875 0.22260869565217392 0.59375 0.1582608695652174 0.576171875 0.14956521739130435 0.556640625 0.12173913043478261 0.537109375 0.10956521739130434 0.533203125 0.09739130434782609 0.5185546875 0.09739130434782609 0.494140625 0.07130434782608695 0.3681640625 0 0.28125 0
0 0.6962890625 0.32521739130434785 0.7001953125 0.32521739130434785 0.712890625 0.34956521739130436 0.716796875 0.3426086956521739 0.7197265625 0.2956521739130435 0.73046875 0.2956521739130435 0.736328125 0.3095652173913043 0.7490234375 0.31478260869565217 0.75 0.3408695652173913 0.7548828125 0.3426086956521739 0.759765625 0.3565217391304348 0.7685546875 0.36 0.775390625 0.37217391304347824 0.802734375 0.3791304347826087 0.794921875 0.3565217391304348 0.7705078125 0.3217391304347826 0.6982421875 0.25565217391304346 0.6787109375 0.29739130434782607 0.681640625 0.3165217391304348 0.6962890625 0.31478260869565217 0.6962890625 0.32521739130434785
0 0.2275390625 0.1373913043478261 0.2392578125 0.14782608695652175 0.240234375 0.1408695652173913 0.2353515625 0.1391304347826087 0.2353515625 0.12173913043478261 0.2412109375 0.11130434782608696 0.240234375 0.09913043478260869 0.2333984375 0.0782608695652174 0.220703125 0.06782608695652174 0.21875 0.09043478260869565 0.22265625 0.11652173913043479 0.2275390625 0.12521739130434784 0.2275390625 0.1373913043478261
0 0.875 0.4973913043478261 0.865234375 0.4678260869565217 0.8408203125 0.44173913043478263 0.8388671875 0.4504347826086956 0.8466796875 0.4834782608695652 0.861328125 0.5026086956521739 0.875 0.4973913043478261
0 0.037109375 0.9408695652173913 0.037109375 0.9095652173913044 0.03125 0.8904347826086957 0.029296875 0.8626086956521739 0.0185546875 0.8365217391304348 0.0146484375 0.8486956521739131 0.01953125 0.9269565217391305 0.0263671875 0.9460869565217391 0.0341796875 0.9460869565217391 0.037109375 0.9408695652173913
0 0.0751953125 0.44 0.0771484375 0.4191304347826087 0.052734375 0.32 0.0537109375 0.3008695652173913 0.0380859375 0.3026086956521739 0.0361328125 0.3182608695652174 0.0419921875 0.35130434782608694 0.0654296875 0.4295652173913043 0.0751953125 0.44
0 0.22265625 0.6069565217391304 0.2373046875 0.6086956521739131 0.2421875 0.5669565217391305 0.234375 0.5408695652173913 0.2314453125 0.4973913043478261 0.2099609375 0.44 0.2021484375 0.4295652173913043 0.197265625 0.43478260869565216 0.1962890625 0.4765217391304348 0.2099609375 0.5391304347826087 0.2099609375 0.5739130434782609 0.22265625 0.6069565217391304
0 0.1708984375 0.4365217391304348 0.17578125 0.46608695652173915 0.18359375 0.4782608695652174 0.1875 0.4591304347826087 0.185546875 0.4260869565217391 0.1796875 0.4191304347826087 0.1708984375 0.3791304347826087 0.1708984375 0.34956521739130436 0.1591796875 0.3130434782608696 0.154296875 0.271304347826087 0.1376953125 0.23478260869565218 0.1279296875 0.23652173913043478 0.1123046875 0.28347826086956524 0.1220703125 0.2817391304347826 0.12890625 0.29391304347826086 0.1708984375 0.4365217391304348
0 0.9140625 0.8573913043478261 0.9140625 0.8921739130434783 0.908203125 0.9130434782608695 0.91796875 0.9495652173913044 0.9228515625 0.9965217391304347 0.9365234375 0.9982608695652174 0.9375 0.9582608695652174 0.9169921875 0.8260869565217391 0.91796875 0.782608695652174 0.9111328125 0.7304347826086957 0.90234375 0.6817391304347826 0.890625 0.6573913043478261 0.8837890625 0.6556521739130434 0.890625 0.7026086956521739 0.8916015625 0.76 0.8974609375 0.7739130434782608 0.9140625 0.8573913043478261
0 0.794921875 0.7739130434782608 0.796875 0.8069565217391305 0.8037109375 0.8208695652173913 0.8037109375 0.8330434782608696 0.8125 0.8608695652173913 0.8134765625 0.8904347826086957 0.802734375 0.9234782608695652 0.8115234375 0.957391304347826 0.8125 0.9895652173913043 0.8193359375 0.9982608695652174 0.849609375 0.9982608695652174 0.828125 0.9165217391304348 0.8251953125 0.8434782608695652 0.8115234375 0.7791304347826087 0.8056640625 0.7269565217391304 0.787109375 0.6956521739130435 0.7822265625 0.7095652173913043 0.7822265625 0.7252173913043478 0.7880859375 0.7356521739130435 0.7880859375 0.7547826086956522 0.794921875 0.7739130434782608
0 0.2802734375 0.9147826086956522 0.2822265625 0.9704347826086956 0.2939453125 0.9791304347826087 0.3037109375 0.9565217391304348 0.2939453125 0.9234782608695652 0.294921875 0.9113043478260869 0.2646484375 0.7095652173913043 0.2451171875 0.6556521739130434 0.240234375 0.662608695652174 0.2451171875 0.7304347826086957 0.2353515625 0.7391304347826086 0.2314453125 0.7304347826086957 0.2275390625 0.7321739130434782 0.228515625 0.7721739130434783 0.24609375 0.8626086956521739 0.26171875 0.9078260869565218 0.2802734375 0.9147826086956522