0 0.26434969062499997 0.6733070640625 0.2827356390625 0.6839661953125 0.286133990625 0.6623003640625 0.276416725 0.627984953125 0.2654080671875 0.6270470031250001 0.25533735625 0.6151003968750001 0.23870688125 0.6176753484375 0.25041459375 0.657261090625 0.25837834531250004 0.65749606875 0.26434969062499997 0.6733070640625
0 0.191384528125 0.7045697328125 0.1822517671875 0.6816144671875 0.1623433671875 0.67060385 0.14946076875 0.67083686875 0.14629739375 0.6845389468749999 0.1624559578125 0.7187378484375 0.191499078125 0.7318573828125 0.191384528125 0.7045697328125
0 0.137756971875 0.589558425 0.1495811953125 0.6355854671875 0.156841975 0.63886535 0.1733559421875 0.6298490984375 0.17803981093750001 0.63734485625 0.215866165625 0.6540957578125 0.2210199875 0.6456640109375 0.21961796093750002 0.6100611234375 0.1932741359375 0.5366279656249999 0.13565785 0.4944613953125 0.1198468546875 0.500432740625 0.09701005625 0.49516045000000003 0.09853055 0.5163582859375 0.137756971875 0.589558425
0 0.22174058749999997 0.45500195468750004 0.2261894796875 0.47046146406249995 0.21494584374999998 0.4774872671875 0.20464015624999998 0.4735044109375 0.195621946875 0.47783679375 0.1787584515625 0.46752915 0.1669322703125 0.4423484578125 0.162013425 0.442816453125 0.1595530234375 0.453473625 0.1658758546875 0.4677621671875 0.1962064515625 0.48919693906250006 0.20569265625000002 0.48978340156250005 0.22501459375000002 0.510280225 0.22934501875 0.540144784375 0.23894773281249998 0.5471725468749999 0.243396625 0.56263205625 0.2540537984375 0.5650924578125001 0.251241909375 0.577272084375 0.26388953125 0.5850028171874999 0.269746325 0.5735261640625 0.2802869890625 0.5695452671875 0.289889703125 0.5765730296875 0.31389942656250003 0.5628729078125 0.32210011562499996 0.5342977828125 0.318002709375 0.5173158203125 0.298214734375 0.47105380312499995 0.27701885625 0.451727946875 0.2526596046875 0.4461041703125 0.2421189421875 0.45008506718749997 0.229119834375 0.4438767875 0.22174058749999997 0.45500195468750004
0 0.2828443140625 0.77379289375 0.286124196875 0.7665321140625 0.2805043375 0.749198665625 0.26598277812500004 0.7426388984375001 0.2569645671875 0.74697128125 0.2541526796875 0.75915090625 0.260007515625 0.768520603125 0.2696102296875 0.775548365625 0.2828443140625 0.77379289375
0 0.3583765953125 0.8425461000000001 0.359198034375 0.8250961421874999 0.36692876874999997 0.8124485218749999 0.36564129218749997 0.8041332828125001 0.35650657343750003 0.8020243671875 0.3442084796875 0.8136175296875001 0.339287675 0.834931875 0.3437365671875 0.8503913843750001 0.3583765953125 0.8425461000000001
0 0.35075257656250003 0.9658667703124999 0.312691246875 0.9570796187499999 0.3037895453125 0.9678533015624999 0.39853313125 0.9881229812500001 0.370427959375 0.9639947890625 0.35075257656250003 0.9658667703124999
0 0.0597486203125 0.6982331921875 0.044875573437499996 0.6931958781249999 0.08316600625000001 0.7565583265625 0.087733365625 0.757612784375 0.090545253125 0.745433159375 0.0597486203125 0.6982331921875
0 0.099559546875 0.7827934765625 0.221577071875 0.9488730562500001 0.24476535625 0.9526228937500001 0.1776667796875 0.868177159375 0.16666007968750002 0.8463928609375 0.1342225265625 0.8132464578124999 0.1012024265625 0.7478935609375 0.096868084375 0.7597217015625 0.0900753 0.7613606640625 0.099559546875 0.7827934765625
0 0 0.8977179578125 0.093691 0.9193482296875001 0.095799915625 0.9102135109375 0.09181901875000001 0.8996728468749999 0.05223719375 0.8696878609375001 0.051301204687500004 0.8598501687500001 0.0393565546875 0.8490745296875 0.0130068546875 0.8381804203125001 0 0.8116229234375 0 0.8977179578125
0 0.506709571875 0.13753178906250002 0.4893761234375 0.1431516484375 0.49675341250000005 0.1528728296875 0.49581350625000004 0.1847278390625 0.48351149531250004 0.23801370156249999 0.4919432421875 0.2431675234375 0.482802646875 0.30359765781250003 0.46570417500000005 0.301253765625 0.43525119375 0.33591674375 0.426116475 0.333807828125 0.4040971984375 0.35277828125 0.393550659375 0.4192982265625 0.399287028125 0.44307297500000004 0.39483421875 0.46930616562500005 0.4129851890625 0.48792904843749996 0.40419999687499997 0.5051440296874999 0.426098846875 0.521424978125 0.46310571874999995 0.5347794890625 0.477745746875 0.5269342046875 0.4902807765625 0.4865309390625 0.5032818421874999 0.4718928703125 0.490168184375 0.438396940625 0.49532396562500003 0.40911884374999996 0.5087949843749999 0.37855326875 0.5401839578125001 0.35372798125 0.5392479671875 0.3438902890625 0.5258973734375 0.3392044625 0.564092840625 0.16681576250000002 0.506709571875 0.13753178906250002
0 0.49412557812499996 0.699093803125 0.4904961671875 0.6870306875 0.4755066125 0.6755520749999999 0.4565342015625 0.6743791484375 0.45172990625000004 0.70213479375 0.46554849374999996 0.711739465625 0.488736778125 0.715489303125 0.49412557812499996 0.699093803125
0 0.635174271875 0.240955809375 0.628851440625 0.2266672671875 0.6320148140625 0.21296518749999999 0.6459518703125 0.2081648109375 0.6477093 0.20055254374999998 0.6390445359375 0.1825161234375 0.6123433484375 0.17314446875 0.5885529328125 0.3456516375 0.5709845078125 0.3592352484375 0.5648946953125 0.35782930468749996 0.560560353125 0.36965744375 0.5446328484375 0.369187490625 0.528815978125 0.4376978859375 0.5033983515625 0.47833416875 0.49461120000000003 0.5163955 0.48489001875 0.5237727890625 0.478798246875 0.5432131953125 0.473875484375 0.5853738890625 0.48101779687499996 0.603058825 0.491791478125 0.611960525 0.512637828125 0.611962484375 0.5259903796875001 0.5958019609375 0.5654596125 0.5776529484374999 0.5781111515624999 0.5436909828125 0.5729592875 0.5312763796875 0.5757711750000001 0.5190967546875 0.5856088671874999 0.5181607640625 0.5997828578125 0.48455028437500003 0.6198116859375 0.4603095 0.6259034578125 0.44086909375000005 0.6220410281250001 0.41592337968750004 0.642545684375 0.313216040625 0.635636390625 0.3084137046875 0.6205283671874999 0.31134014374999996 0.6104576578125 0.2993935359375 0.622056696875 0.2491525796875 0.635174271875 0.240955809375
0 0.615625190625 0.1450373390625 0.626750359375 0.15241658593750002 0.6404524375 0.15557996093749998 0.6513445875 0.1500766109375 0.679216740625 0.1613222046875 0.697719196875 0.178422634375 0.727818734375 0.16612845781250002 0.7362524406250001 0.15043593125000002 0.7171733140625001 0.03858995625 0.64866291875 0.0227730859375 0.6392912640625 0.049474271874999996 0.648893978125 0.056502032812500005 0.6269912109375 0.08191378437499999 0.612347265625 0.13145176875 0.615625190625 0.1450373390625
0 0.968560190625 0.6514728484375001 0.977694909375 0.6535817640625 0.9833186859374999 0.6292225124999999 0.9671562046875 0.6367163109375 0.968560190625 0.6514728484375001
0 1 0.5108054171874999 0.98637534375 0.504847384375 0.9773571343749999 0.5091797671875 0.9712653625 0.5286201734375 0.9800466374999999 0.5530978921874999 0.9714925046875 0.604041821875 0.9856625796875 0.612124040625 1 0.5541682765625 1 0.5108054171874999