0 0.717723145 0.7524354825 0.7019807499999999 0.7880360175 0.7230921016666666 0.7953469275 0.7379582933333333 0.7876663225 0.7741843916666666 0.8079087850000001 0.803293305 0.7743713425 0.8506405899999999 0.7445841299999999 0.8713791116666666 0.7209768049999999 0.8319051150000001 0.69960959 0.8031732083333334 0.6973569449999999 0.7750647716666667 0.7132805325 0.7653210716666666 0.7099062650000001 0.717723145 0.7524354825
0 0.692106505 0.8744181550000001 0.6969783549999999 0.8761052875 0.740576455 0.8706773275 0.7549434533333333 0.85512657 0.7571929633333334 0.8405110175 0.7199663883333333 0.83788241 0.692106505 0.8744181550000001
0 0.6498984266666666 0.6263172149999999 0.6458986 0.66341847 0.6581403633333333 0.6727893425000001 0.6752518900000001 0.7172015075 0.68499559 0.7205757724999999 0.73346763 0.683480785 0.75295712 0.6568751575 0.81966544 0.6568845575000001 0.8336575199999999 0.643769725 0.825038575 0.6330876825 0.8057997266666667 0.6469513075000001 0.7843134566666666 0.642076325 0.7723223333333333 0.61996345 0.77082475 0.5963529900000001 0.7241051150000001 0.5776081125 0.695497485 0.5856615475 0.6626414749999999 0.61020408 0.6498984266666666 0.6263172149999999
0 0.60366754 0.7822132924999999 0.6010431116666667 0.7992647675000001 0.6229043 0.8017038275 0.6436428216666666 0.7780965025000001 0.6613819966666667 0.7739765774999999 0.6784956116666667 0.7850345824999999 0.6818698766666667 0.763111255 0.6991098566666667 0.7511211775 0.6976122716666666 0.7275107175 0.7106038733333333 0.7320097400000001 0.7098561250000001 0.7035274300000001 0.70223557 0.708585695 0.6923675933333333 0.69490535 0.6782512366666666 0.697714105 0.6481418433333334 0.7488654 0.6363992733333333 0.7473646825 0.6231549416666666 0.7889618249999999 0.60366754 0.7822132924999999
0 0.6004154616666667 0.8477968575 0.6001648199999999 0.86053886 0.6268978583333333 0.8646650524999999 0.63239527 0.8511742575 0.6270242233333334 0.84161697 0.610409805 0.83842912 0.6004154616666667 0.8477968575
0 0.49560436333333335 0.87307878 0.5115932233333333 0.89144456 0.5228365966666666 0.8850751250000001 0.5314576316666666 0.8624030075 0.5162186099999999 0.8391653775000001 0.5089729716666667 0.8417877174999999 0.49560436333333335 0.87307878
0 0.499560515 1 0.44063234500000004 0.9746325775 0.415272615 0.9838107675000001 0.46202146166666663 1 0.499560515 1
0 0.51399208 0.4868851675 0.50749419 0.5179898175000001 0.513863625 0.54328741 0.53847143 0.57233523 0.5615816499999999 0.5777725925 0.58369348 0.5674696475 0.5910654816666667 0.541799225 0.6095544933333333 0.5328074525000001 0.614053515 0.50357635 0.6272957583333333 0.49533336749999995 0.6218004366666666 0.47547000250000004 0.6511599933333333 0.42919055749999996 0.6340463783333333 0.41813255499999996 0.627302025 0.39527088749999995 0.61318567 0.3980796425 0.579457635 0.383833785 0.5423553366666667 0.3915112575 0.5311077833333333 0.46458901249999995 0.5174906216666667 0.47526792 0.50974579 0.47002010499999997 0.51399208 0.4868851675
0 0.522138745 0 0.51202037 0.055154635 0.5197652033333333 0.060402447500000005 0.50851974 0.10012604250000001 0.509642405 0.12617242750000002 0.5210100566666667 0.13010907 0.5356276966666667 0.10181631 0.548625565 0.00625285 0.5305695199999999 0 0.522138745 0
0 0.40644063333333336 0.3854958475 0.4148068466666667 0.44227405249999996 0.44765867833333334 0.48443984 0.44803150666666663 0.515358075 0.4372873283333333 0.5295976625000001 0.44603055 0.5505857825 0.4414072516666667 0.5695108075 0.44690257333333333 0.58937417 0.4672640883333333 0.60155693 0.48700213166666667 0.5955634599999999 0.5006213816666667 0.5515303925 0.49612654 0.5140531725 0.5020009583333334 0.4647722925 0.49450676833333335 0.44678247499999996 0.5060049616666666 0.3609627175 0.47827562333333334 0.30774206 0.4862710966666666 0.30024787 0.4836487583333333 0.283945185 0.4923961583333334 0.23822498499999997 0.511637095 0.1910072 0.51601184 0.15147002 0.4897779966666667 0.15521398 0.48552961666666666 0.17170307999999998 0.4912755816666667 0.17882444 0.49027510166666666 0.19643829499999999 0.480405035 0.21611211 0.46316087666666667 0.29481050750000004 0.4436734766666667 0.28806197499999997 0.4396778283333333 0.25845491 0.433306305 0.2665114775 0.42793317000000003 0.2903083525 0.43030486833333337 0.31935304 0.4179346483333333 0.36638441 0.40644063333333336 0.3854958475
0 0.5591086566666666 0.171526065 0.5524844016666667 0.2256787975 0.5576048033333333 0.24797808750000003 0.5714705183333334 0.257911335 0.5820925100000001 0.20001151 0.5834679083333333 0.17996173 0.5780968633333333 0.170404445 0.5591086566666666 0.171526065
0 0.600827985 0.2449860525 0.5923312283333333 0.2779642475 0.6106959633333333 0.258666395 0.617444495 0.2148197425 0.6313122983333334 0.1913988325 0.6210694016666667 0.18015441249999997 0.60095644 0.18858381000000002 0.5954569399999999 0.23542876499999998 0.600827985 0.2449860525
0 0.4577176516666666 0 0.4298223866666667 0.0446496075 0.4293211016666667 0.0701336125 0.4351913416666667 0.08756105249999999 0.44493504333333334 0.0909353175 0.4576780916666667 0.0748221825 0.4734183966666667 0.07257580749999999 0.5118981833333334 0.0114943975 0.51366731 0 0.4577176516666666 0
0 0.021307546666666666 0.3650168325 0.009440701666666667 0.35321003500000003 0.006441354999999999 0.37269743750000006 0.014561105 0.375509325 0.021307546666666666 0.3650168325
0 0.02706186833333333 0.2387215525 0.017187623333333332 0.32510368999999995 0.029804305 0.33203863499999997 0.03880025833333334 0.3069305925 0.038926623333333334 0.28388251 0.058915310000000005 0.265147035 0.05954087 0.249969105 0.052545875 0.2398494425 0.02706186833333333 0.2387215525