0 0.825 0.41 0.8533333333333334 0.4175 0.895 0.41 0.8783333333333333 0.38 0.8366666666666667 0.335 0.8133333333333334 0.2925 0.775 0.3 0.7616666666666667 0.2875 0.74 0.2875 0.75 0.3275 0.79 0.385 0.8 0.385 0.825 0.41
0 0.8016666666666666 0.24 0.79 0.22 0.7483333333333333 0.2 0.7433333333333333 0.2 0.765 0.245 0.8016666666666666 0.255 0.8016666666666666 0.24
0 0.73 0.5 0.7783333333333333 0.4975 0.7833333333333333 0.475 0.7983333333333333 0.4575 0.82 0.46 0.8366666666666667 0.48 0.8466666666666667 0.4725 0.835 0.455 0.77 0.4325 0.755 0.4 0.7133333333333334 0.3475 0.7033333333333334 0.3475 0.68 0.385 0.6666666666666666 0.39 0.665 0.4275 0.675 0.4475 0.7033333333333334 0.4825 0.73 0.5
0 0.6816666666666666 0.3075 0.7033333333333334 0.3675 0.7166666666666667 0.375 0.7283333333333334 0.365 0.735 0.3725 0.74 0.345 0.7266666666666667 0.345 0.7316666666666667 0.3225 0.7166666666666667 0.305 0.7166666666666667 0.2825 0.6983333333333334 0.2875 0.6816666666666666 0.2775 0.665 0.2475 0.6433333333333333 0.2425 0.6433333333333333 0.26 0.6633333333333333 0.26 0.67 0.305 0.6816666666666666 0.3075
0 0.6816666666666666 0.2025 0.6783333333333333 0.1875 0.6516666666666666 0.1825 0.65 0.195 0.6583333333333333 0.2075 0.675 0.21 0.6816666666666666 0.2025
0 0.585 0.1575 0.58 0.1325 0.57 0.1225 0.5516666666666666 0.135 0.56 0.17 0.5666666666666667 0.175 0.585 0.1575
0 0.49 0 0.5133333333333333 0.0175 0.5766666666666667 0.0125 0.5866666666666667 0 0.49 0
0 0.525 0.545 0.525 0.62 0.56 0.64 0.595 0.6375 0.6083333333333333 0.645 0.6183333333333333 0.625 0.6366666666666667 0.62 0.615 0.565 0.6233333333333333 0.5475 0.6116666666666667 0.535 0.6116666666666667 0.505 0.595 0.49 0.5916666666666667 0.4625 0.5716666666666667 0.445 0.5483333333333333 0.4425 0.52 0.4625 0.51 0.485 0.5116666666666667 0.5175 0.505 0.5325 0.5133333333333333 0.53 0.525 0.545
0 0.465 0.8675 0.4533333333333333 0.8675 0.4483333333333333 0.8925 0.4533333333333333 0.935 0.445 0.9375 0.44666666666666666 0.9975 0.47333333333333333 0.9975 0.475 0.9 0.465 0.8675
0 0.3983333333333333 0.68 0.4 0.705 0.405 0.715 0.41333333333333333 0.6875 0.43333333333333335 0.6875 0.43833333333333335 0.77 0.445 0.7925 0.44333333333333336 0.81 0.43666666666666665 0.815 0.43833333333333335 0.8325 0.4633333333333333 0.845 0.465 0.805 0.4533333333333333 0.7525 0.45166666666666666 0.705 0.45666666666666667 0.69 0.45 0.68 0.485 0.6375 0.4866666666666667 0.55 0.49666666666666665 0.535 0.49833333333333335 0.485 0.5083333333333333 0.45 0.5016666666666667 0.4025 0.48333333333333334 0.39 0.46166666666666667 0.395 0.4533333333333333 0.4125 0.455 0.4325 0.44333333333333336 0.45 0.45166666666666666 0.4675 0.44666666666666666 0.4975 0.4083333333333333 0.5275 0.39166666666666666 0.58 0.4 0.6025 0.405 0.6525 0.3983333333333333 0.68
0 0.535 0.82 0.5333333333333333 0.76 0.5183333333333333 0.765 0.51 0.785 0.5083333333333333 0.84 0.5266666666666666 0.8475 0.5333333333333333 0.84 0.535 0.82
0 0.57 0.8525 0.5816666666666667 0.845 0.5716666666666667 0.8175 0.5716666666666667 0.7725 0.5566666666666666 0.7475 0.56 0.7825 0.5533333333333333 0.79 0.5516666666666666 0.8375 0.57 0.8525
0 0.43833333333333335 0.98 0.41 0.9075 0.395 0.9 0.385 0.88 0.375 0.88 0.36666666666666664 0.895 0.36333333333333334 0.92 0.3933333333333333 0.9975 0.43833333333333335 0.9975 0.43833333333333335 0.98
0 0 0.4775 0.013333333333333334 0.47 0.008333333333333333 0.4575 0 0.4575 0 0.4775
0 0.035 0.58 0.018333333333333333 0.555 0.021666666666666667 0.5325 0.016666666666666666 0.505 0.0033333333333333335 0.5075 0 0.595 0.025 0.6025 0.03333333333333333 0.595 0.035 0.58