0 0.17667576 0.7168829875 0.20284291000000002 0.75549167 0.24044360666666667 0.7420223699999999 0.25457497 0.752363325 0.2761229433333333 0.74896615 0.26339029999999997 0.7107532000000001 0.21960250000000003 0.6598399 0.20965728 0.6614078275 0.18305209166666667 0.6404645975 0.15435132833333334 0.6374481424999999 0.11343555833333334 0.651440085 0.13210149333333335 0.67866253 0.17667576 0.7168829875
0 0.2542215366666667 0.7951531475 0.21705887666666665 0.7909569949999999 0.21810416166666666 0.8058748225 0.23110063 0.8239360125 0.27393275500000003 0.8372934200000001 0.278905365 0.8365094575 0.2542215366666667 0.7951531475
0 0.18454042 0.5899545375 0.16657134166666668 0.5726773125 0.157148765 0.5817041525 0.16997101833333333 0.5972790375 0.23618286833333332 0.609464255 0.25336548166666667 0.6394343275 0.29846239 0.6851136975 0.30840760833333336 0.68354577 0.3289999083333333 0.6425927025 0.3419117716666667 0.635529525 0.34095609666666665 0.5979736325 0.329617165 0.57965112 0.29900004666666663 0.549285315 0.27125996333333335 0.53606232 0.22336562000000001 0.5461269375 0.21996093666666666 0.569287645 0.20626260833333332 0.5890436675 0.18454042 0.5899545375
0 0.27517227333333333 0.6636478250000001 0.27211602 0.6917811399999999 0.28537631166666666 0.6896905725000001 0.28197162833333334 0.7128512775 0.29810895666666665 0.72790352 0.2996768833333333 0.7502802625 0.3175613566666666 0.7424331200000001 0.3348335783333333 0.7497651275 0.35349951166666665 0.7769875725 0.375395915 0.7785630075000001 0.37417641500000004 0.761158875 0.3542859783333333 0.7642947275 0.3445199783333333 0.7205865275 0.3327430083333333 0.71992947 0.307013895 0.6636553325 0.2932309616666667 0.6582869875 0.28232506166666665 0.670061455 0.27517227333333333 0.6636478250000001
0 0.36291708333333333 0.815723165 0.346167505 0.8158500725000001 0.34006000166666667 0.8243542700000001 0.34442035833333334 0.838749455 0.37128937 0.8395409275 0.37207583666666666 0.8268480825000001 0.36291708333333333 0.815723165
0 0.4633249483333334 0.8375997875 0.4563463733333333 0.8336724624999999 0.4393329716666667 0.8539511274999999 0.4460477216666666 0.8780302125 0.45668979666666665 0.886407505 0.4740516283333333 0.8711014475000001 0.4633249483333334 0.8375997875
0 0.5174692550000001 1 0.5447880399999999 0.9956930199999999 0.5203630300000001 0.981947385 0.45772507166666665 0.9968501974999999 0.45568343666666666 1 0.5174692550000001 1
0 0.38215571000000004 0.3727802 0.37360420333333333 0.394238565 0.35571973 0.4020857075 0.38110041499999997 0.4533872375 0.37403223166666666 0.472097975 0.38650605833333335 0.48270025250000004 0.38859662666666667 0.5125359075 0.4062172766666667 0.524840525 0.411448705 0.551667235 0.4325586416666667 0.565935515 0.45593836666666665 0.5647633224999999 0.48272277333333335 0.5404304249999999 0.491100065 0.516485755 0.487177745 0.484425115 0.49276260666666666 0.46846200250000003 0.48464913833333334 0.47225491249999996 0.4720010983333333 0.45916633249999994 0.466774675 0.38457718999999996 0.43057269666666664 0.3701744975 0.39593864333333334 0.378148545 0.38215571000000004 0.3727802
0 0.498475355 0 0.49185197666666663 0.0010442175 0.49698878999999996 0.09827142500000001 0.5091987933333333 0.12902545999999998 0.5208015483333334 0.12719621 0.5240320166666667 0.1015492 0.5160977666666666 0.0600659825 0.524211235 0.0562730725 0.5186808483333333 0 0.498475355 0
0 0.5532354016666666 0.30307429750000003 0.5425137266666666 0.22181020499999998 0.5343156533333333 0.20047874749999997 0.5347536916666666 0.1828132925 0.54103541 0.1767954 0.538158375 0.1596525875 0.5124242566666666 0.15114088 0.5135541450000001 0.1911830775 0.5288153966666667 0.24156623 0.5337830016666666 0.2885446975 0.5298556766666667 0.30424649 0.53718268 0.313146425 0.5053360533333333 0.36090134999999995 0.5097760100000001 0.448183335 0.500876075 0.4646690925 0.5027028216666667 0.5146565075 0.4951966 0.5510327 0.5051368133333334 0.597227205 0.5242407849999999 0.6067841975 0.5454403316666667 0.5984144125 0.552508515 0.5797036725 0.5494572666666666 0.5600745575 0.5598405233333333 0.540841175 0.5503333416666666 0.5247436475 0.5532153816666667 0.4941240275 0.5892481516666667 0.458277985 0.60216502 0.4034523725 0.5923094116666667 0.38238223499999996 0.58385252 0.33344010500000004 0.58856631 0.3050454675 0.5851666333333334 0.2804437425 0.5794971666666667 0.2712824875 0.57312584 0.299938445 0.5532354016666666 0.30307429750000003
0 0.46801919999999997 0.1631691625 0.44926365500000004 0.15858478 0.44315615166666666 0.16708897749999999 0.4428923283333333 0.18724073749999998 0.4487310033333334 0.24665072999999998 0.4633004033333333 0.23932623 0.47019437333333336 0.21812918750000002 0.46801919999999997 0.1631691625
0 0.42639656333333337 0.26274075 0.4206424916666667 0.22845512750000002 0.4267499966666667 0.2199509275 0.425097465 0.172449815 0.40581927833333337 0.16040652000000002 0.394739165 0.16969468249999997 0.40660074 0.1954761075 0.40973659333333334 0.2402295925 0.42639656333333337 0.26274075
0 0.5269715983333333 0 0.5278797416666666 0.0129606075 0.5611100716666667 0.08062098499999999 0.5765505416666666 0.08572801000000001 0.5878894733333333 0.10405052 0.5978346933333333 0.1024825925 0.60507709 0.08625815749999999 0.6066500233333333 0.06087247 0.5770124533333333 0 0.5269715983333333 0
0 1 0.460694175 0.998828875 0.443980395 0.9860912249999999 0.45352987749999996 0.9919349049999999 0.46517744 1 0.46390592499999994 1 0.460694175
0 0.9934232316666667 0.41466738 0.9906408116666667 0.3271240725 0.9652551216666666 0.323584975 0.9574900816666667 0.332350495 0.95687783 0.347529645 0.9751953366666667 0.36977948 0.9734481899999999 0.39267886500000004 0.9803371550000001 0.41924425499999995 0.9934232316666667 0.41466738