0 0.6807471031250001 0.2668596765625 0.6731832578125 0.269362634375 0.6621643500000001 0.25654747968749997 0.641241571875 0.2528195359375 0.6454583171875 0.2743410625 0.666326121875 0.3032635 0.676991675 0.3003797015625 0.6905410265625 0.3081614546875 0.7052878765624999 0.30005383281250003 0.6807471031250001 0.2668596765625
0 0.7423748953125 0.17900679531250002 0.71059614375 0.1766118 0.7200367125 0.20221462343750002 0.7364698625 0.2206619296875 0.75894349375 0.2241994515625 0.7709694796875 0.219574378125 0.769255690625 0.205616696875 0.7423748953125 0.17900679531250002
0 0.8803419 0.36671701093750003 0.871663015625 0.3473176015625 0.8097663140625 0.2919481953125 0.7829130046875 0.252741046875 0.7749683171874999 0.2521422984375 0.7625340031250001 0.2662629125 0.75556890625 0.2608211828125 0.7142946140624999 0.2580178578125 0.7123354328125 0.2677038203125 0.7258298125 0.30068006875000003 0.775700528125 0.360674546875 0.8442639453125 0.38059223124999997 0.8570791 0.3695733234375 0.8803419 0.36671701093750003
0 0.7594008390625 0.4587041765625 0.7737393609375001 0.46009209687499997 0.7768685546875 0.44711400625 0.7674005 0.43410843125 0.7755630953125 0.4236607859375 0.786609490625 0.42387869218749996 0.7936020734375 0.416723175 0.812973996875 0.42064153906249996 0.8326992765625001 0.44025885625 0.837161415625 0.43813674062499997 0.8358284687499999 0.4272807671875 0.8249999828125001 0.416016465625 0.7891674203125 0.40624804374999995 0.780052721875 0.408941421875 0.7548857124999999 0.3962892015625 0.7406021640625 0.3697067859375 0.7291749281250001 0.366387171875 0.7197068734375 0.353381596875 0.7088509000000001 0.3547145421875 0.7073275328124999 0.342307715625 0.692798590625 0.3393689421875 0.69122025 0.3521566109375 0.6826768140625 0.35950255000000003 0.6712495765625001 0.3561829359375 0.653373534375 0.377268646875 0.6554406765625 0.40692528125000005 0.6650991515625 0.4214817109375 0.6995163078125 0.45818590312499996 0.7260437484375 0.46909685 0.750857403125 0.466050115625 0.7594008390625 0.4587041765625
0 0.6336797109375001 0.16559090625 0.622252475 0.1622712921875 0.6104169109375001 0.16844721875 0.6098181625 0.1763919078125 0.621027490625 0.190757915625 0.636916865625 0.1919554140625 0.64390945 0.184799896875 0.6423860828125 0.17239306875 0.6336797109375001 0.16559090625
0 0.5364667375 0.1303001359375 0.5269986828125 0.117294559375 0.515924803125 0.1296739 0.5211211390625 0.1463524453125 0.518182365625 0.1608813875 0.5222361765625 0.1682548140625 0.531541296875 0.1671122890625 0.5391326296875001 0.1520120828125 0.5364667375 0.1303001359375
0 0.4758942765625 0 0.42839977500000004 0.0066107234375 0.463062325 0.019671271875 0.4809108828125 0.011182809375 0.5196822171875 0.0064222875 0.5219646765625 0 0.4758942765625 0
0 0.799295153125 0.11691967343750001 0.8008185203125 0.1293265 0.845901228125 0.1631468921875 0.8616001828125001 0.1627935375 0.8039477125 0.1163484109375 0.799295153125 0.11691967343750001
0 0.6056085109375 0 0.67697014375 0.0437821859375 0.6947637265625 0.06048821875 0.7365817953125 0.0805413515625 0.7899625453125 0.130659446875 0.7899900328125 0.11806219843750002 0.7958126046875 0.1141988078125 0.7795698734375 0.09730235625 0.633646490625 0 0.6056085109375 0
0 0.794574028125 0 0.798562940625 0.008387425 0.8134727249999999 0.014427904687500001 0.8419593484375 0.0156528890625 0.8651671765625 0.037991071875 0.8663097015625001 0.0472961921875 0.88083864375 0.0502349640625 0.9402323875 0.0980405234375 0.95302005625 0.0996188625 0.9407883984375 0 0.794574028125 0
0 0.5306597421875 0.659955803125 0.5537281515625 0.8350118125 0.61766649375 0.8429035125000001 0.632032503125 0.831694184375 0.621775278125 0.8250824421875 0.6117634484375001 0.7948270578125001 0.60509871875 0.740547190625 0.59541275625 0.738588009375 0.5833337828125 0.6786759906250001 0.6002027484375 0.6750305078125 0.6169637546875 0.632042428125 0.626268875 0.630899903125 0.6404719484375 0.6055424734375 0.6276312921875 0.5394270421875 0.6141094265625 0.519048040625 0.60932141875 0.49287395468749995 0.585895684375 0.481582165625 0.58826319375 0.4624006625 0.56211659375 0.45459142343750003 0.522773996875 0.454699384375 0.5117001171875 0.46707872500000003 0.5137397734375 0.50933260625 0.50652928125 0.52753451875 0.530308371875 0.5545252609375 0.535477221875 0.5838010546875 0.5332726453125 0.617130659375 0.5122674093749999 0.651194459375 0.516511640625 0.6601187375 0.5306597421875 0.659955803125
0 0.4599546640625 0.2892468765625 0.43688228437500004 0.29365404375000004 0.437426059375 0.3109038515625 0.44496241875000003 0.320998140625 0.46297391093750007 0.326657778125 0.481203309375 0.321271021875 0.47622487968750005 0.29354608125000003 0.4599546640625 0.2892468765625
0 0.46481520468750004 0.7262871578125 0.47109909375000003 0.77746531875 0.461576065625 0.7896542390625 0.47240455312499996 0.8009185406249999 0.474118340625 0.8148762203125001 0.4626636171875 0.8241538546875 0.463615721875 0.8319081203125 0.47792675781250005 0.8458932875 0.506222959375 0.84556741875 0.4695777109375 0.6753269046875 0.4814407625 0.6565537296875 0.4876441765625 0.655792046875 0.48767166250000005 0.6431947984375 0.5027993546875 0.6381888828125 0.494230415625 0.5684004828125 0.5042167453124999 0.5215215265625 0.49945622343749996 0.48275019218750004 0.506067965625 0.47249296718749995 0.5051433484375 0.452141453125 0.495349425 0.41083967499999996 0.48258924375 0.3966640875 0.46942073281249996 0.39198404062500003 0.4498309015625 0.399112071875 0.44281083125 0.4188648375 0.41192921250000003 0.449418603125 0.41165633125 0.4856594921875 0.42074354375 0.4955633625 0.4222669109375 0.5079701890625 0.4133426328125 0.5122144203125 0.4115188984375 0.5486457312499999 0.40098879375 0.5782748796875 0.4019134109375 0.59862639375 0.41407484375000003 0.6207466703125 0.42993474843749996 0.724273003125 0.43806985625 0.72642260625 0.45126585312499995 0.7185054046875 0.46481520468750004 0.7262871578125
0 0.51776020625 1 0.5235237703125 0.9992923234375001 0.5231979015625 0.9709961203124999 0.5117706656250001 0.9676765062499999 0.523661203125 0.9363060843750001 0.5204790218750001 0.8847470812499999 0.5127522421874999 0.8731019375000001 0.4997741515625 0.8699727453125 0.48581647187500004 0.8716865328125 0.47746345625000003 0.8805833249999999 0.4474259796875 0.8795487609375 0.424190665625 0.869807825 0.400111209375 0.8916552203125001 0.397553278125 0.9092858703125 0.44925491875 1 0.51776020625 1
0 0 0.530581309375 0.0016322953125 0.543875284375 0.0142570296875 0.5313055234374999 0.00789068125 0.51791910625 0 0.518887959375 0 0.530581309375
0 0.0213575734375 0.563492603125 0.005277778125 0.5607442515625001 0.0159138578125 0.6601892874999999 0.041298774999999996 0.6617951140625 0.048291357812500005 0.6546395953124999 0.047366740625 0.63428808125 0.03074316875 0.614289921875 0.0213575734375 0.563492603125