0 0.7221821484375 0.6745609328125 0.7463743375 0.577531359375 0.7387816765624999 0.556314290625 0.6997903187500001 0.6222783421875 0.6869382171875 0.6738253015625 0.6911207015625 0.6958024515625 0.6949129562499999 0.699968634375 0.707037578125 0.6965503078124999 0.7221821484375 0.6745609328125
0 0.5411493453125 0.2509959421875 0.546851990625 0.27979344687499996 0.5389383796875 0.3502853828125 0.551083378125 0.3790788109375 0.5681301875 0.36883605468749997 0.613559821875 0.2964255765625 0.6317039640625 0.223653396875 0.639235496875 0.148235196875 0.6119459296875001 0.14143114375000002 0.61382779375 0.12096600625000001 0.6070033640625 0.11604381718750001 0.594504815625 0.1274205828125 0.5521358828125 0.245683525 0.5411493453125 0.2509959421875
0 0.33588459375 0.46069176718750005 0.3214960296875 0.47964896875 0.3181184546875 0.531947859375 0.329100915625 0.5201930906250001 0.33893714375 0.4936595296875 0.3480132890625 0.46371579062499996 0.33588459375 0.46069176718750005
0 0.32225203593749996 0.47661679375 0.3173624484375 0.534980034375 0.3415872390625 0.489489271875 0.34915137343749997 0.46560988124999997 0.3392866203125 0.4470469828125 0.32225203593749996 0.47661679375
0 0.3276418828125 0.6100080046875 0.33711233281249997 0.604317584375 0.356406784375 0.5527665484375001 0.36701124375 0.5425278671875 0.37648576875 0.5432797984375 0.3882242359375 0.5284928546875001 0.4056286734375 0.4845222546875 0.40940055312499996 0.45647668125 0.426065284375 0.44130766093749996 0.4411935546875 0.3935488796875 0.4423194125 0.376115915625 0.43663306718749995 0.3730878171875 0.40444983749999996 0.41820465156250003 0.393081221875 0.41859080625 0.36581610625 0.450440859375 0.30565658125 0.6013057875000001 0.3276418828125 0.6100080046875
0 0.357060909375 0.38867559375 0.3884351546875 0.26284036718750003 0.41447660781250006 0.093806846875 0.42238614375 0.016872559375000002 0.41669979843749994 0.013844459375000001 0.3781801734375 0.226466503125 0.376310534375 0.26625869375 0.3540246609375 0.3814772359375 0.357060909375 0.38867559375
0 0.4974659328125 0 0.4826556984375 0.039951115625 0.47438446093750003 0.1441708953125 0.47931072500000005 0.1437888171875 0.49595915625 0.10285039062500001 0.5171586921875 0 0.4974659328125 0
0 0.8966788687499999 0.9499559171874999 0.905759090625 0.9264545312499999 0.9057387140625 0.894242775 0.8765550578125 0.8885768046875 0.85913839375 0.9132203515624999 0.8549966625 0.9556667140625 0.8675115124999999 0.970059353125 0.8834283890625001 0.970807209375 0.8966788687499999 0.9499559171874999
0 0.9424009265625 0.7407399765625 0.9348164156250001 0.7324076109375001 0.9226958703125 0.7422682890625001 0.9147659578124999 0.7869908203125 0.8958454343750001 0.8305834187500001 0.9068319718750001 0.8252710000000001 0.9276506609374999 0.7869826703125 0.9424009265625 0.7407399765625
0 0.944603740625 0.628565834375 0.962768259375 0.5880054109375 0.9710802484375 0.5482091437500001 0.9615975734375001 0.5345725109374999 0.9468147046875 0.5292763953125 0.9286298109375 0.5376250609375 0.9210697515625 0.567946803125 0.932097040625 0.6270578984374999 0.944603740625 0.628565834375
0 0.8781842578125 0.4686858890625 0.8668237921875 0.4819567453125 0.8592596578125 0.5058361359375 0.8604058921875 0.520614928125 0.8717704328125 0.5137864234375 0.8800905734375 0.486874859375 0.8781842578125 0.4686858890625
0 0.8618404749999999 0.39214590625 0.852361875 0.384951625 0.8413753375 0.3902640421875 0.825113059375 0.4425710828125 0.7933037578125 0.47972947968749996 0.7940719890625 0.49602435937499995 0.8463260531250001 0.428536071875 0.8618404749999999 0.39214590625
0 0.7904132234375 0.1038010140625 0.76921653125 0.14360543125 0.7586405984375 0.198940571875 0.7756874093749999 0.18869781562500001 0.78968981875 0.1583719984375 0.7983838875 0.12350199531249999 0.7904132234375 0.1038010140625