0 0.2765625 0.3765625 0.2671875 0.35625 0.2625 0.353125 0.2515625 0.359375 0.2421875 0.384375 0.2421875 0.484375 0.2546875 0.503125 0.2765625 0.4296875 0.2765625 0.3765625
0 0.48125 0.8953125 0.4890625 0.8984375 0.4984375 0.884375 0.5109375 0.759375 0.5203125 0.7515625 0.5078125 0.725 0.4984375 0.6546875 0.4796875 0.6296875 0.465625 0.64375 0.4390625 0.725 0.4390625 0.8 0.45 0.875 0.478125 0.875 0.48125 0.8953125
0 0.66875 0.425 0.6609375 0.4390625 0.6578125 0.4671875 0.65625 0.4984375 0.66875 0.4984375 0.678125 0.4765625 0.66875 0.425
0 0.66875 0.421875 0.65625 0.471875 0.6546875 0.496875 0.66875 0.5125 0.678125 0.4796875 0.66875 0.421875
0 0.6125 0.55625 0.6234375 0.553125 0.6421875 0.515625 0.6640625 0.3546875 0.640625 0.3515625 0.6328125 0.359375 0.6265625 0.4140625 0.61875 0.4265625 0.609375 0.428125 0.6015625 0.4453125 0.5953125 0.4921875 0.5984375 0.5203125 0.5859375 0.5390625 0.5828125 0.5890625 0.5859375 0.60625 0.5921875 0.6078125 0.6125 0.55625
0 0.6984375 0.9515625 0.684375 0.7359375 0.6765625 0.696875 0.6703125 0.5796875 0.665625 0.5734375 0.665625 0.703125 0.68125 0.8734375 0.6921875 0.95 0.6984375 0.9515625
0 0.6109375 0.8390625 0.60625 0.840625 0.6 0.884375 0.6046875 0.9984375 0.621875 0.9984375 0.628125 0.9421875 0.6109375 0.8390625
0 0.090625 0 0.003125 0.0046875 0 0.0359375 0.0734375 0.0203125 0.09375 0.00625 0.090625 0
0 0.0515625 0.1859375 0.0453125 0.14375 0.0296875 0.1328125 0.0140625 0.1359375 0.00625 0.159375 0.003125 0.184375 0.0109375 0.215625 0.040625 0.2140625 0.0515625 0.1859375
0 0.028125 0.321875 0.0359375 0.275 0.0265625 0.2828125 0.015625 0.325 0.0125 0.3734375 0.021875 0.3796875 0.03125 0.3671875 0.028125 0.321875
0 0.059375 0.5796875 0.075 0.5671875 0.075 0.5359375 0.05 0.48125 0.0375 0.4828125 0.0296875 0.5265625 0.03125 0.5671875 0.04375 0.578125 0.059375 0.5796875
0 0.15 0.58125 0.1453125 0.5671875 0.1359375 0.5765625 0.134375 0.6046875 0.140625 0.621875 0.1484375 0.60625 0.15 0.58125
0 0.1984375 0.634375 0.2203125 0.590625 0.215625 0.575 0.18125 0.653125 0.175 0.6921875 0.1859375 0.696875 0.1953125 0.6890625 0.1984375 0.634375
0 0.321875 0.8546875 0.3078125 0.86875 0.3015625 0.9015625 0.3015625 0.9375 0.3140625 0.9546875 0.325 0.9109375 0.321875 0.8546875