0 0.0525 0.17890772128060264 0.05 0.15630885122410546 0.04125 0.1393596986817326 0.03375 0.1337099811676083 0.0125 0.1374764595103578 0.00625 0.160075329566855 0.00375 0.1902071563088512 0.0125 0.21657250470809794 0.0425 0.21092278719397364 0.0525 0.17890772128060264
0 0.01875 0 0 0.005649717514124294 0 0.035781544256120526 0.075 0.018832391713747645 0.0925 0.005649717514124294 0.07875 0 0.01875 0
0 0.03125 0.3672316384180791 0.0275 0.327683615819209 0.03625 0.2730696798493409 0.02375 0.2900188323917137 0.01625 0.3258003766478343 0.01875 0.3446327683615819 0.0125 0.3728813559322034 0.025 0.3785310734463277 0.03125 0.3672316384180791
0 0.05875 0.5009416195856874 0.04375 0.4726930320150659 0.03375 0.512241054613936 0.0325 0.5649717514124294 0.03625 0.5725047080979284 0.05375 0.576271186440678 0.05875 0.5009416195856874
0 0.14625 0.5668549905838042 0.14 0.5668549905838042 0.13625 0.576271186440678 0.13875 0.6214689265536724 0.14875 0.6064030131826742 0.15 0.5800376647834274 0.14625 0.5668549905838042
0 0.19625 0.6817325800376648 0.1975 0.64030131826742 0.21875 0.5932203389830508 0.2175 0.576271186440678 0.2125 0.576271186440678 0.1825 0.6497175141242938 0.18125 0.6741996233521658 0.175 0.6911487758945386 0.19125 0.6949152542372882 0.19625 0.6817325800376648
0 0.27875 0.3822975517890772 0.26875 0.3559322033898305 0.25875 0.3540489642184557 0.25125 0.35969868173258 0.24125 0.391713747645951 0.2425 0.4915254237288136 0.255 0.504708097928437 0.2775 0.4350282485875706 0.27875 0.3822975517890772
0 0.32625 0.9001883239171374 0.32125 0.8549905838041432 0.31125 0.8625235404896422 0.30375 0.8907721280602636 0.3 0.928436911487759 0.305 0.9472693032015066 0.31625 0.9529190207156308 0.32625 0.9001883239171374
0 0.45 0.871939736346516 0.45625 0.8549905838041432 0.471875 0.852165725047081 0.4775 0.8606403013182674 0.47875 0.8870056497175142 0.4875 0.9001883239171374 0.4975 0.8907721280602636 0.50875 0.775894538606403 0.52125 0.751412429378531 0.50375 0.7080979284369114 0.50625 0.6854990583804144 0.50125 0.6629001883239172 0.48125 0.6271186440677966 0.47 0.632768361581921 0.43875 0.7288135593220338 0.44 0.800376647834275 0.4425 0.8210922787193974 0.4475 0.8248587570621468 0.45 0.871939736346516
0 0.6025 0.5800376647834274 0.61375 0.5574387947269304 0.62125 0.5574387947269304 0.63125 0.5291902071563088 0.635 0.4934086629001883 0.6325 0.4576271186440678 0.62875 0.4406779661016949 0.615 0.4256120527306968 0.61 0.4256120527306968 0.6025 0.4425612052730697 0.59625 0.4745762711864407 0.5975 0.5084745762711864 0.58375 0.5310734463276836 0.58125 0.551789077212806 0.5825 0.5988700564971752 0.58625 0.6101694915254238 0.5925 0.6101694915254238 0.6025 0.5800376647834274
0 0.67 0.5254237288135594 0.6725 0.4952919020715631 0.6775 0.4896421845574388 0.6775 0.4500941619585687 0.67 0.423728813559322 0.66125 0.4406779661016949 0.65625 0.4971751412429379 0.66625 0.5009416195856874 0.665 0.519774011299435 0.67 0.5254237288135594
0 0.67875 0.4821092278719397 0.6775 0.4124293785310734 0.67 0.3992467043314501 0.655 0.4783427495291902 0.65375 0.4971751412429379 0.6625 0.4971751412429379 0.66875 0.5141242937853108 0.67875 0.4821092278719397
0 0.66625 0.3559322033898305 0.6375 0.352165725047081 0.62875 0.3766478342749529 0.6275 0.4199623352165725 0.6425 0.4990583804143126 0.655 0.448210922787194 0.66625 0.3559322033898305
0 0.66875 0.5706214689265536 0.665 0.5725047080979284 0.66375 0.6139359698681732 0.6675 0.6177024482109228 0.67 0.5781544256120528 0.66875 0.5706214689265536
0 0.69125 0.943502824858757 0.6975 0.9529190207156308 0.68625 0.7796610169491526 0.66625 0.6252354048964218 0.66625 0.6911487758945386 0.68125 0.8305084745762712 0.68125 0.871939736346516 0.69125 0.943502824858757
0 0.62875 0.943502824858757 0.61125 0.839924670433145 0.6075 0.839924670433145 0.6025 0.8625235404896422 0.6025 0.9868173258003766 0.6075 0.9981167608286252 0.6225 0.9981167608286252 0.62875 0.943502824858757