0 0.77397381875 0.569099725 0.7566090015625 0.47061895 0.7410430015625 0.45432440781250005 0.7322526203125 0.5304447796875 0.7414776796875 0.5827626921875 0.75423748125 0.6011386484375 0.7593964171875001 0.6034021968750001 0.7690824515625 0.5953478718749999 0.77397381875 0.569099725
0 0.4363127234375 0.25578652812499997 0.45323535000000004 0.27977488125 0.474677559375 0.347391225 0.497483909375 0.36875551562500003 0.508890840625 0.3524647296875 0.5209408828125001 0.26783657031249997 0.50791726875 0.1939759875 0.48412232031249997 0.122014684375 0.456424603125 0.12689853906249998 0.44981985 0.10743728125 0.44158338906249994 0.105716384375 0.43479274375 0.12119319531249999 0.44418866875 0.246464765625 0.4363127234375 0.25578652812499997
0 0.3340850171875 0.5308418921875 0.3286509984375 0.5540125140625001 0.3468373046875 0.6031637109375 0.35208918749999996 0.5879582265625001 0.3502828578125 0.5597178578124999 0.3463951140625 0.528671290625 0.3340850171875 0.5308418921875
0 0.328108346875 0.5509349890624999 0.34737995625 0.6062412359375 0.35100764375 0.5548302453125 0.3482052015625 0.5299387265625 0.3316430890625 0.5169930328125 0.328108346875 0.5509349890624999
0 0.3872873109375 0.6706016765625 0.3936244953125 0.6615512390625 0.390283159375 0.6066092640625 0.3958063671875 0.592942540625 0.40476761406249995 0.5897758265624999 0.40947684687499997 0.5714928171875 0.40749213749999996 0.524244653125 0.39953075781249997 0.497089584375 0.4085849515625 0.4764538375 0.4029800671875 0.42667079843750005 0.39691796562500004 0.4102870671875 0.390491590625 0.40983360625 0.3794414171875 0.46413998437500004 0.3692127328125 0.469116784375 0.3572593953125 0.5093029796875 0.36366322812499996 0.67159403125 0.3872873109375 0.6706016765625
0 0.324138928125 0.456438659375 0.3016189296875 0.3287214046875 0.25665685312500003 0.1637095875 0.2325905796875 0.0902095203125 0.22616420625 0.089756059375 0.277455953125 0.299663303125 0.291932896875 0.33677572968749997 0.318437340625 0.45109758749999995 0.324138928125 0.456438659375
0 0.2934237921875 0.0302982578125 0.297036453125 0.08677899375 0.3318703046875 0.185352715625 0.33621526562500004 0.182999978125 0.33477320625 0.13882933749999998 0.310350175 0.0273136796875 0.2934237921875 0.0302982578125
0 1 0.5390775125 0.991753253125 0.5354591484375 0.9846912828125 0.549397196875 0.995637240625 0.593478646875 0.9960831875 0.6409981375 1 0.6363623015625001 1 0.5390775125
0 0.9584581640625001 0.43661410156249997 0.9585548671874999 0.3921721359375 0.9499616468750001 0.3524356453125 0.9357522734374999 0.3438349125 0.9200933265625 0.345009403125 0.9068763078125001 0.360032753125 0.9123028140624999 0.3908079953125 0.9464193921874999 0.440323465625 0.9584581640625001 0.43661410156249997
0 0.8327519140625 0.317571740625 0.8277713562500001 0.3343159890625 0.8305737984375 0.3592075078125 0.8376320125 0.372242390625 0.8452366343750001 0.3613818671875 0.8418915406249999 0.3334128234375 0.8327519140625 0.317571740625
0 0.7866895109375001 0.2542966015625 0.7751042 0.25157959218750003 0.767228253125 0.2609013546875 0.7736471140625001 0.31530067968750003 0.7597015515625001 0.3621845734375 0.7670310921875 0.37675821875 0.78731759375 0.29385095625 0.7866895109375001 0.2542966015625
0 0.6041570359375 0.019932517187500002 0.600982809375 0.0649171328125 0.61382804375 0.11976991875000001 0.6252349749999999 0.10347913125 0.6256921921874999 0.0700798265625 0.6194517109375 0.0346882984375 0.6041570359375 0.019932517187500002