0 0 0.35480125988700567 0.014294087499999998 0.34775201506591336 0.02005566875 0.3134504444444444 0.014739465 0.29198545574387946 0.0040036262500000004 0.27786308097928436 0 0.27618292843691145 0 0.35480125988700567
0 0 0.16153523917137474 0.021868823750000002 0.14984804708097926 0.037377721249999996 0.13187683050847457 0.02316481375 0.13028364218455746 0 0.13706749717514125 0 0.16153523917137474
0 0.01602978875 0.4105537890772128 0.00590605 0.4307849265536723 0.0030755599999999998 0.46806509792843687 0.00791474 0.4858328079096045 0.00535723875 0.5153590828625235 0.0183431125 0.5173116101694916 0.023047215 0.5044230828625236 0.014357377499999999 0.4666796854990584 0.01602978875 0.4105537890772128
0 0.04386664875 0.6460495894538606 0.049317929999999996 0.698170813559322 0.05395307625 0.704487352165725 0.071608575 0.7031538832391714 0.06697626125 0.62777097740113 0.048674185 0.6043534632768363 0.04386664875 0.6460495894538606
0 0.1525928175 0.6794375122410546 0.16077115500000003 0.7230861638418079 0.1686793375 0.7054223427495292 0.16656721375 0.6791820602636535 0.1612165325 0.6673196064030132 0.15508136375 0.6691163013182674 0.1525928175 0.6794375122410546
0 0.23572366125 0.6723588888888888 0.23235002625 0.6560804783427495 0.22744188999999998 0.6575178342749529 0.20729501375 0.7382388813559322 0.209168625 0.7626305235404897 0.20518005625000002 0.7810649679849341 0.22160852125000002 0.7800908380414312 0.2248470775 0.765713011299435 0.220826865 0.7246836195856874 0.23572366125 0.6723588888888888
0 0.24469781999999998 0.4260829171374765 0.23805115000000002 0.433784868173258 0.23228957 0.46808643879472694 0.2461577 0.5657049548022599 0.26009761875 0.5750520357815442 0.27335931375 0.5001842994350283 0.2679080325 0.44806307532956685 0.25475260375000003 0.42505684557438794 0.24469781999999998 0.4260829171374765
0 0.36063128375 0.9101231468926554 0.35684674875 0.9400087627118644 0.35793587125000004 0.9780595536723163 0.36522911999999996 0.9951085856873823 0.37698795875 0.9974204519774011 0.38012591625 0.9427838549905838 0.36949351 0.899853879472693 0.36063128375 0.9101231468926554
0 0.51699333875 0.8537805762711864 0.52358829125 0.8604824256120528 0.5281544825000001 0.8860040282485876 0.5384133 0.8964291261770245 0.547037015 0.8843112222222222 0.5435311349999999 0.7683102052730697 0.55270082875 0.7406845122410546 0.530036595 0.7031965668549905 0.5296285275 0.6802942241054615 0.52185825625 0.6595479133709982 0.49769399875 0.6301732015065913 0.4873662275 0.6389531676082862 0.46885445124999997 0.7422172203389831 0.47914491249999996 0.8121061544256121 0.48422260375 0.8317225028248588 0.48960776250000004 0.8339824237288136 0.49802461125 0.8794797156308851 0.5020131800000001 0.8610452711864407 0.51699333875 0.8537805762711864
0 0.62629688875 0.5215276026365349 0.6325354925 0.4909233088512241 0.63168488 0.45472115442561206 0.62469909875 0.4203156967984934 0.61887139625 0.4047559642184558 0.6034659325 0.39391958380414316 0.5985577962499999 0.39535693973634656 0.5933421937500001 0.4141507212806026 0.591261715 0.447374274952919 0.59678195125 0.4802904350282486 0.5861467125000001 0.5064268286252354 0.5863162675 0.5274805329566855 0.5935060825 0.5733371619585687 0.5986182525 0.5833509792843691 0.6047534225 0.5815542843691148 0.61075351375 0.549101352165725 0.6189346849999999 0.52368363653484 0.62629688875 0.5215276026365349
0 0.67292701375 0.43880635216572506 0.6679182775 0.39998493785310735 0.65721691625 0.37626003013182674 0.6507742787499999 0.3954131506591337 0.65302148 0.452309670433145 0.663314775 0.4531322354048964 0.6644728537500001 0.47197796233521655 0.6700965225000001 0.47608652354048964 0.66873441125 0.4457896252354049 0.67292701375 0.43880635216572506
0 0.6541162699999999 0.352227725047081 0.64940933375 0.43418262146892656 0.6505674125 0.4530283483992467 0.65915665 0.45051297551789077 0.66743842125 0.46535403013182675 0.6732000025000001 0.43105245762711863 0.6631480525000001 0.3630121638418079 0.6541162699999999 0.352227725047081
0 0.6107620137499999 0.34190224670433145 0.6150207375 0.38478027683615823 0.6397626175 0.4581110376647834 0.6455931537499999 0.4046044011299435 0.64494940875 0.31078705084745767 0.616250605 0.31535457062146893 0.6107620137499999 0.34190224670433145
0 0.67517138125 0.5647692391713748 0.67932950625 0.5673885009416196 0.6767748374999999 0.5278484086629002 0.67459375875 0.5208131920903954 0.67115116875 0.5237398474576271 0.67517138125 0.5647692391713748
0 0.7182469825 0.7209813483992467 0.6790565175000001 0.5751423935969868 0.6874044100000001 0.6398447514124294 0.71977865 0.7723319510357816 0.7250258975 0.8130020037664784 0.74390559625 0.8803755649717514 0.7512333225000001 0.8878220640301319 0.7182469825 0.7209813483992467
0 0.6485762012499999 0.8027761450094162 0.6465302012499999 0.8263971657250471 0.6622719425 0.9484073239171374 0.66861114625 0.9580618003766478 0.68333555375 0.9537497325800376 0.6825538975000001 0.8983425141242938 0.65225730375 0.8016981280602636 0.6485762012499999 0.8027761450094162