0 1 0.6575073050847458 0.9838682912500001 0.6649957758945386 0.9777102375 0.6991406290018832 0.98277698 0.7207421299435028 0.9933475887500001 0.7351446384180791 1 0.7381258116760829 1 0.6575073050847458
0 1 0.8495415838041431 0.9740021812499999 0.8626704331450094 0.9582874674999999 0.8802311280602637 0.972479755 0.8821977834274953 1 0.8748869548022599 1 0.8495415838041431
0 0.99647882125 0.5449959924670433 0.9918461999999999 0.5271037495291901 0.994745345 0.4976492165725047 0.9817840674999999 0.4953555423728814 0.97693138 0.5081184180790961 0.9851826737499999 0.5460845536723163 0.9828603524999999 0.6021579284369115 0.9932169075 0.5821960621468927 0.99647882125 0.5449959924670433
0 0.9483477775 0.30727199246704334 0.9306795212500001 0.3081410301318267 0.93443789125 0.38363425423728814 0.9524659099999999 0.40752943126177027 0.95775572375 0.36596606214689265 0.95290904625 0.31370944256120525 0.9483477775 0.30727199246704334
0 0.83364982125 0.30332057250470806 0.83545765375 0.3296123935969868 0.840670105 0.34161372881355934 0.8468251537499999 0.3399786252354049 0.8494328812499999 0.329724418079096 0.84176141625 0.2858673766478343 0.83364982125 0.30332057250470806
0 0.77434129 0.3496727024482109 0.79542017375 0.2694936854990584 0.79382940125 0.24505649340866292 0.7980309074999999 0.22672973069679847 0.7815936612500001 0.22727174764595104 0.77818904375 0.24156223163841806 0.78173335875 0.2826910790960452 0.7662327000000001 0.3346161506591337 0.76941725125 0.35098078719397363 0.77434129 0.3496727024482109
0 0.76729996875 0.5389477834274953 0.7545647674999999 0.44097949152542376 0.7407352487500001 0.4312673032015066 0.7266083025000001 0.5057749378531073 0.73145497875 0.5580315574387947 0.7443419 0.5813801883239171 0.7544070374999999 0.5806186497175141 0.7611419150000001 0.5730926365348399 0.76729996875 0.5389477834274953
0 0.64758035 0.02574864030131827 0.64048570875 0.00851043879472693 0.6287554412499999 0.0058897419962335214 0.62498505 0.06043551035781544 0.63511853375 0.10363851035781545 0.6440983712499999 0.0936038286252354 0.6482285249999999 0.06382227306967984 0.64758035 0.02574864030131827
0 0.47632128875 0.11331447834274952 0.46618479999999995 0.10262122598870058 0.45742202374999996 0.11451053672316384 0.45958361 0.23058606591337102 0.450095295 0.2579664482109228 0.47232181625 0.2960446101694915 0.47246452 0.31895419397363467 0.47999328124999996 0.3399016534839924 0.50381358 0.36990725800376645 0.5142414875 0.3614001826741996 0.5339466575 0.25863860075329564 0.52446736 0.18848973822975518 0.5196176775 0.16874286629001883 0.51425951875 0.16634169303201507 0.5063709937499999 0.12063002259887005 0.5021694875 0.1389567834274953 0.48710745625 0.14582648964218456 0.4805911425 0.1389522561205273 0.47632128875 0.11331447834274952
0 0.36781066375000004 0.541809472693032 0.37439682750000003 0.576393372881356 0.38004339875 0.5921039679849341 0.39532098750000005 0.6033437645951036 0.40024502624999997 0.6020356798493409 0.4056775425 0.5833818964218456 0.40814256625 0.5502181054613936 0.4030044725 0.5171618135593221 0.41394085750000004 0.49130903954802263 0.41401521375 0.4702540828625235 0.40735769875000005 0.42421539171374767 0.40236230874999995 0.4140686836158192 0.39620725999999995 0.4157037890772128 0.38983214625 0.4479940131826742 0.38135778125 0.47319274576271186 0.37397172375 0.4751548719397363 0.36737954875 0.5055904670433146 0.36781066375000004 0.541809472693032
0 0.34137362125000004 0.6195873182674199 0.34803714625 0.6006065141242938 0.34644937875 0.5436595743879473 0.33616718125 0.5425664858757062 0.33522758875 0.5236931789077213 0.32965236875000004 0.5194373766478343 0.33066331374999997 0.5497654764595103 0.326390455 0.5566374463276836 0.33094872000000003 0.5955846459510358 0.34137362125000004 0.6195873182674199
0 0.34891139875 0.5430055310734463 0.34029433 0.5452946798493409 0.33218573999999995 0.5302381280602636 0.32602768625 0.5643829811676083 0.33528992375 0.6326772165725046 0.34419540374999996 0.6436974896421845 0.34985099124999997 0.5618788380414312 0.34891139875 0.5430055310734463
0 0.359773425 0.538207713747646 0.35332395499999997 0.5915528945386064 0.35288081750000005 0.6853728832391713 0.38162816125 0.6815606553672316 0.38742344625 0.6551613370998117 0.38366207125 0.6121778606403013 0.359773425 0.538207713747646
0 0.3235746825 0.4675077777777778 0.32567393375000003 0.4745992711864407 0.32914990250000004 0.4717635800376648 0.32560558749999996 0.43063473069679853 0.3214784375 0.4279065367231638 0.3235746825 0.4675077777777778
0 0.31424409875 0.3552490037664784 0.28340952625 0.2219307438794727 0.27863420125 0.18112891713747648 0.260537835 0.11326919962335216 0.253297485 0.10563116195856874 0.28434611249999997 0.27331379849340864 0.32184120625 0.4201610018832392 0.31424409875 0.3552490037664784
0 0.3429471375 0.047394248587570624 0.33672073750000003 0.037574563088512244 0.32194862125 0.041498815442561204 0.32208832 0.09691814689265536 0.3512607675 0.19434442184557438 0.35495379625 0.19336335969868174 0.3572731125 0.16979973258003767 0.3429471375 0.047394248587570624