0 0.296875 0.7135416666666666 0.2919921875 0.7356770833333334 0.2568359375 0.7825520833333334 0.2685546875 0.7916666666666666 0.2783203125 0.7864583333333334 0.3046875 0.7526041666666666 0.314453125 0.7291666666666666 0.3310546875 0.7135416666666666 0.34375 0.6822916666666666 0.390625 0.6197916666666666 0.4150390625 0.5950520833333334 0.4228515625 0.5950520833333334 0.4375 0.6067708333333334 0.4384765625 0.6119791666666666 0.4287109375 0.625 0.4306640625 0.6419270833333334 0.4365234375 0.6458333333333334 0.44921875 0.6236979166666666 0.4599609375 0.6171875 0.4853515625 0.625 0.513671875 0.5794270833333334 0.533203125 0.5807291666666666 0.5439453125 0.5690104166666666 0.5634765625 0.5885416666666666 0.578125 0.5950520833333334 0.6064453125 0.5872395833333334 0.6162109375 0.5911458333333334 0.623046875 0.5859375 0.626953125 0.5911458333333334 0.6455078125 0.58984375 0.666015625 0.5989583333333334 0.673828125 0.59765625 0.6953125 0.5729166666666666 0.7099609375 0.5234375 0.7041015625 0.48828125 0.673828125 0.4505208333333333 0.66015625 0.4440104166666667 0.642578125 0.4270833333333333 0.6171875 0.3880208333333333 0.607421875 0.3645833333333333 0.599609375 0.3216145833333333 0.5947265625 0.3177083333333333 0.5888671875 0.2981770833333333 0.572265625 0.2955729166666667 0.5478515625 0.3098958333333333 0.5166015625 0.2955729166666667 0.48046875 0.3216145833333333 0.46875 0.3177083333333333 0.4267578125 0.3229166666666667 0.41064453125 0.3444010416666667 0.3828125 0.3658854166666667 0.3740234375 0.3619791666666667 0.369140625 0.3528645833333333 0.361328125 0.3515625 0.35546875 0.390625 0.330078125 0.41796875 0.3291015625 0.4505208333333333 0.359375 0.4296875 0.3671875 0.4401041666666667 0.3681640625 0.4505208333333333 0.36328125 0.4752604166666667 0.3544921875 0.4947916666666667 0.3056640625 0.546875 0.2900390625 0.57421875 0.3291015625 0.65234375 0.330078125 0.6614583333333334 0.3154296875 0.69140625 0.296875 0.7135416666666666
0 0.3212890625 0.890625 0.3349609375 0.859375 0.333984375 0.8138020833333334 0.32421875 0.8059895833333334 0.3115234375 0.8046875 0.2978515625 0.7890625 0.2861328125 0.7890625 0.2783203125 0.7981770833333334 0.263671875 0.8333333333333334 0.255859375 0.8372395833333334 0.2470703125 0.8528645833333334 0.2490234375 0.9322916666666666 0.2626953125 0.9388020833333334 0.287109375 0.9322916666666666 0.3212890625 0.890625
0 0.0595703125 0.8255208333333334 0.0791015625 0.7981770833333334 0.068359375 0.796875 0.044921875 0.8046875 0.0244140625 0.83984375 0.025390625 0.8567708333333334 0.0556640625 0.8489583333333334 0.060546875 0.83984375 0.0595703125 0.8255208333333334
0 0 0.8138020833333334 0.0078125 0.8098958333333334 0.015625 0.796875 0.0146484375 0.7838541666666666 0.0068359375 0.78125 0 0.7825520833333334 0 0.8138020833333334
0 0.1064453125 0.765625 0.107421875 0.74609375 0.083984375 0.7513020833333334 0.0458984375 0.7903645833333334 0.044921875 0.7981770833333334 0.0537109375 0.7994791666666666 0.095703125 0.7864583333333334 0.1064453125 0.765625
0 0.759765625 0 0.689453125 0.057291666666666664 0.5771484375 0.15885416666666666 0.5087890625 0.23567708333333334 0.5029296875 0.24739583333333334 0.50390625 0.2552083333333333 0.517578125 0.2513020833333333 0.525390625 0.23567708333333334 0.55078125 0.22005208333333334 0.7216796875 0.049479166666666664 0.763671875 0.020833333333333332 0.7802734375 0 0.759765625 0
0 0.6474609375 0.19010416666666666 0.6630859375 0.16276041666666666 0.79296875 0.046875 0.80078125 0.037760416666666664 0.80078125 0.03125 0.7900390625 0.03125 0.697265625 0.10807291666666667 0.6650390625 0.14322916666666666 0.654296875 0.1484375 0.6337890625 0.17708333333333334 0.6162109375 0.18880208333333334 0.5966796875 0.21223958333333334 0.595703125 0.21614583333333334 0.6083984375 0.21875 0.6337890625 0.19270833333333334 0.6474609375 0.19010416666666666
0 0.3681640625 0.21875 0.3876953125 0.19270833333333334 0.388671875 0.18359375 0.37890625 0.18098958333333334 0.326171875 0.22395833333333334 0.298828125 0.26171875 0.2568359375 0.3020833333333333 0.2490234375 0.31640625 0.248046875 0.3229166666666667 0.2548828125 0.3229166666666667 0.294921875 0.2799479166666667 0.3681640625 0.21875
0 0.4482421875 0.12239583333333333 0.4306640625 0.13020833333333334 0.41015625 0.14973958333333334 0.404296875 0.16145833333333334 0.4189453125 0.16276041666666666 0.447265625 0.13151041666666666 0.4482421875 0.12239583333333333
0 0.8642578125 0.14192708333333334 0.8564453125 0.13932291666666666 0.841796875 0.14973958333333334 0.837890625 0.16276041666666666 0.8154296875 0.18229166666666666 0.771484375 0.2552083333333333 0.771484375 0.2708333333333333 0.7802734375 0.2721354166666667 0.849609375 0.17317708333333334 0.8642578125 0.14192708333333334
0 0.810546875 0.16666666666666666 0.8173828125 0.1484375 0.84375 0.11197916666666667 0.865234375 0.09635416666666667 0.87109375 0.06770833333333333 0.849609375 0.07161458333333333 0.83984375 0.09375 0.78125 0.16927083333333334 0.751953125 0.21484375 0.7509765625 0.23177083333333334 0.7763671875 0.20703125 0.796875 0.17447916666666666 0.810546875 0.16666666666666666
0 0.720703125 0.2981770833333333 0.72265625 0.2721354166666667 0.7138671875 0.2747395833333333 0.6962890625 0.2994791666666667 0.6689453125 0.3567708333333333 0.6728515625 0.3645833333333333 0.681640625 0.359375 0.7109375 0.3177083333333333 0.720703125 0.2981770833333333
0 0.6845703125 0.27734375 0.71484375 0.24479166666666666 0.71875 0.23307291666666666 0.716796875 0.22265625 0.693359375 0.22135416666666666 0.66015625 0.2760416666666667 0.654296875 0.29296875 0.666015625 0.2955729166666667 0.671875 0.28125 0.6845703125 0.27734375
0 0.6923828125 0.6315104166666666 0.685546875 0.6497395833333334 0.6845703125 0.6705729166666666 0.7041015625 0.6536458333333334 0.7060546875 0.6393229166666666 0.6923828125 0.6315104166666666
0 0.7841796875 0.5520833333333334 0.7802734375 0.5364583333333334 0.7744140625 0.5364583333333334 0.767578125 0.5455729166666666 0.7587890625 0.5703125 0.7490234375 0.5846354166666666 0.748046875 0.5911458333333334 0.7548828125 0.5963541666666666 0.7734375 0.5885416666666666 0.7841796875 0.5520833333333334
0 0.810546875 0.5559895833333334 0.798828125 0.5794270833333334 0.796875 0.6002604166666666 0.806640625 0.6041666666666666 0.8232421875 0.5598958333333334 0.810546875 0.5559895833333334
0 0.9072265625 0.5677083333333334 0.9033203125 0.5625 0.8935546875 0.5625 0.8876953125 0.5690104166666666 0.8857421875 0.5833333333333334 0.896484375 0.5872395833333334 0.9052734375 0.578125 0.9072265625 0.5677083333333334
0 0.9404296875 0.5559895833333334 0.931640625 0.5755208333333334 0.9306640625 0.5885416666666666 0.9462890625 0.5989583333333334 0.9482421875 0.5559895833333334 0.9404296875 0.5559895833333334
0 0.861328125 0.5390625 0.8564453125 0.5546875 0.857421875 0.56640625 0.869140625 0.5611979166666666 0.8681640625 0.5364583333333334 0.861328125 0.5390625
0 0.9619140625 0.5130208333333334 0.951171875 0.5026041666666666 0.943359375 0.5013020833333334 0.9345703125 0.5169270833333334 0.9345703125 0.5403645833333334 0.94140625 0.5442708333333334 0.9541015625 0.5364583333333334 0.9619140625 0.5130208333333334
0 0.9921875 0.5481770833333334 0.9951171875 0.5169270833333334 0.984375 0.5130208333333334 0.9794921875 0.52734375 0.9716796875 0.53515625 0.9619140625 0.5846354166666666 0.951171875 0.6106770833333334 0.9580078125 0.6197916666666666 0.9921875 0.5481770833333334
0 0.5751953125 0.6627604166666666 0.5810546875 0.6640625 0.5849609375 0.6666666666666666 0.5849609375 0.6744791666666666 0.5703125 0.7213541666666666 0.572265625 0.7278645833333334 0.576171875 0.7278645833333334 0.583984375 0.7200520833333334 0.59375 0.6966145833333334 0.6083984375 0.6979166666666666 0.609375 0.67578125 0.6204427080078125 0.64453125 0.638671875 0.6419270833333334 0.646484375 0.6263020833333334 0.6298828125 0.6158854166666666 0.6103515625 0.6302083333333334 0.5986328125 0.625 0.58203125 0.63671875 0.556640625 0.6419270833333334 0.5439453125 0.6640625 0.537109375 0.6653645833333334 0.5244140625 0.71484375 0.5244140625 0.7291666666666666 0.5341796875 0.7200520833333334 0.5498046875 0.6796875 0.5751953125 0.6627604166666666
0 0.91015625 0.23958333333333334 0.9130859375 0.23177083333333334 0.9033203125 0.20963541666666666 0.89453125 0.20703125 0.873046875 0.24088541666666666 0.873046875 0.25390625 0.884765625 0.2591145833333333 0.8857421875 0.2526041666666667 0.91015625 0.23958333333333334
0 0.884765625 0.19140625 0.8896484375 0.16796875 0.8837890625 0.16536458333333334 0.865234375 0.19661458333333334 0.8681640625 0.20703125 0.8798828125 0.20182291666666666 0.884765625 0.19140625
0 0.783203125 0.13802083333333334 0.787109375 0.11458333333333333 0.7841796875 0.11067708333333333 0.7744140625 0.11328125 0.748046875 0.1484375 0.7509765625 0.16145833333333334 0.763671875 0.16015625 0.7734375 0.14453125 0.783203125 0.13802083333333334
0 0.9521484375 0 0.923828125 0.02734375 0.93359375 0.032552083333333336 0.93359375 0.041666666666666664 0.9189453125 0.055989583333333336 0.92578125 0.0625 0.94140625 0.06380208333333333 0.9814453125 0.053385416666666664 0.98828125 0.046875 0.9990234375 0.046875 0.9990234375 0 0.9521484375 0
0 0.556640625 0.140625 0.5634765625 0.140625 0.6005859375 0.10677083333333333 0.623046875 0.08333333333333333 0.625 0.07552083333333333 0.6201171875 0.0703125 0.6064453125 0.078125 0.591796875 0.09765625 0.537109375 0.14713541666666666 0.53125 0.15364583333333334 0.5361328125 0.16145833333333334 0.548828125 0.15494791666666666 0.556640625 0.140625
0 0.6240234375 0.03125 0.640625 0.005208333333333333 0.6240234375 0.009114583333333334 0.5908203125 0.0390625 0.5009765625 0.12239583333333333 0.5009765625 0.13411458333333334 0.509765625 0.13541666666666666 0.6240234375 0.03125
0 0.6982421875 0 0.650390625 0.037760416666666664 0.6396484375 0.0546875 0.6396484375 0.06380208333333333 0.646484375 0.06380208333333333 0.7197265625 0 0.6982421875 0
0 0.3095703125 0 0.2822265625 0.0234375 0.2802734375 0.03125 0.2841796875 0.036458333333333336 0.3134765625 0.024739583333333332 0.318359375 0.041666666666666664 0.3046875 0.055989583333333336 0.3037109375 0.06380208333333333 0.314453125 0.06770833333333333 0.345703125 0.057291666666666664 0.357421875 0.048177083333333336 0.3671875 0.03515625 0.3720703125 0.016927083333333332 0.3671875 0.016927083333333332 0.3623046875 0.00390625 0.353515625 0 0.3095703125 0
0 0.46875 0.052083333333333336 0.4697265625 0.037760416666666664 0.4228515625 0.07942708333333333 0.4208984375 0.09114583333333333 0.427734375 0.09114583333333333 0.455078125 0.07291666666666667 0.46875 0.052083333333333336
0 0.513671875 0.05859375 0.4990234375 0.06640625 0.4697265625 0.09505208333333333 0.470703125 0.10807291666666667 0.4921875 0.09635416666666667 0.5146484375 0.07291666666666667 0.513671875 0.05859375
0 0.1591796875 0.77734375 0.1533203125 0.7734375 0.1328125 0.7825520833333334 0.134765625 0.7942708333333334 0.14453125 0.7942708333333334 0.1552734375 0.7877604166666666 0.1591796875 0.77734375
0 0.1806640625 0.7330729166666666 0.177734375 0.7278645833333334 0.162109375 0.7330729166666666 0.142578125 0.7526041666666666 0.13671875 0.7721354166666666 0.154296875 0.7721354166666666 0.1708984375 0.7591145833333334 0.1806640625 0.7330729166666666
0 0.25 0.7161458333333334 0.2431640625 0.7096354166666666 0.2353515625 0.7122395833333334 0.21875 0.7330729166666666 0.2197265625 0.7473958333333334 0.236328125 0.7447916666666666 0.248046875 0.7291666666666666 0.25 0.7161458333333334
0 0.447265625 0.61328125 0.4384765625 0.6145833333333334 0.4296875 0.6236979166666666 0.4462890625 0.625 0.4501953125 0.6184895833333334 0.447265625 0.61328125
0 0.416015625 0.67578125 0.427734375 0.6497395833333334 0.421875 0.6380208333333334 0.4150390625 0.6380208333333334 0.3740234375 0.6966145833333334 0.3759765625 0.7057291666666666 0.3955078125 0.7005208333333334 0.416015625 0.67578125
0 0.4697265625 0.765625 0.462890625 0.7630208333333334 0.451171875 0.7825520833333334 0.451171875 0.7994791666666666 0.458984375 0.8151041666666666 0.47265625 0.7760416666666666 0.4697265625 0.765625
0 0.474609375 0.953125 0.4658203125 0.91015625 0.4580078125 0.9231770833333334 0.45703125 0.9348958333333334 0.46484375 0.9661458333333334 0.474609375 0.97265625 0.474609375 0.953125
0 0.50390625 0.9739583333333334 0.49609375 0.9674479166666666 0.482421875 0.9778645833333334 0.484375 0.9986979166666666 0.4921875 0.9986979166666666 0.5068359375 0.9856770833333334 0.50390625 0.9739583333333334
0 0.5419921875 0.9153645833333334 0.5390625 0.8854166666666666 0.529296875 0.8736979166666666 0.51171875 0.8815104166666666 0.5107421875 0.8971354166666666 0.5166015625 0.9244791666666666 0.529296875 0.9309895833333334 0.5419921875 0.9153645833333334
0 0.4970703125 0.7981770833333334 0.494140625 0.80859375 0.5029296875 0.8098958333333334 0.5068359375 0.7981770833333334 0.4970703125 0.7981770833333334
0 0.4892578125 0.8658854166666666 0.498046875 0.8463541666666666 0.4951171875 0.8268229166666666 0.484375 0.8372395833333334 0.47265625 0.8880208333333334 0.4765625 0.9049479166666666 0.484375 0.8997395833333334 0.4892578125 0.8658854166666666
0 0.373046875 0.3372395833333333 0.3662109375 0.3138020833333333 0.3544921875 0.3216145833333333 0.3515625 0.3294270833333333 0.3505859375 0.3424479166666667 0.35546875 0.3489583333333333 0.3623046875 0.3489583333333333 0.373046875 0.3372395833333333
0 0.4013671875 0.296875 0.376953125 0.3072916666666667 0.3759765625 0.3294270833333333 0.3876953125 0.3333333333333333 0.3974609375 0.3229166666666667 0.4013671875 0.296875
0 0.3447265625 0.296875 0.36328125 0.28125 0.3642578125 0.26953125 0.3603515625 0.26171875 0.349609375 0.2682291666666667 0.3447265625 0.2799479166666667 0.3330078125 0.2903645833333333 0.3359375 0.2955729166666667 0.3447265625 0.296875
0 0.404296875 0.22786458333333334 0.3974609375 0.22916666666666666 0.3779296875 0.24739583333333334 0.3798828125 0.2630208333333333 0.388671875 0.2604166666666667 0.40234375 0.24348958333333334 0.404296875 0.22786458333333334
0 0.7109375 0.3828125 0.697265625 0.3919270833333333 0.689453125 0.4075520833333333 0.6884765625 0.4192708333333333 0.697265625 0.421875 0.7138671875 0.3971354166666667 0.7109375 0.3828125
0 0.7421875 0.3333333333333333 0.7314453125 0.328125 0.7197265625 0.3528645833333333 0.720703125 0.3671875 0.73046875 0.3619791666666667 0.73828125 0.3541666666666667 0.7421875 0.3333333333333333
0 0.7587890625 0.3828125 0.751953125 0.3802083333333333 0.7451171875 0.3880208333333333 0.751953125 0.4049479166666667 0.759765625 0.4036458333333333 0.76171875 0.390625 0.7587890625 0.3828125
0 0.7919921875 0.3111979166666667 0.7861328125 0.3098958333333333 0.7763671875 0.3255208333333333 0.771484375 0.3450520833333333 0.779296875 0.3528645833333333 0.7900390625 0.3333333333333333 0.7919921875 0.3111979166666667
0 0.72265625 0.47265625 0.7177734375 0.4635416666666667 0.708984375 0.46875 0.703125 0.484375 0.70703125 0.4934895833333333 0.712890625 0.4908854166666667 0.72265625 0.47265625
0 0.740234375 0.4309895833333333 0.7314453125 0.4231770833333333 0.7236328125 0.4348958333333333 0.7236328125 0.4427083333333333 0.732421875 0.44921875 0.7392578125 0.4401041666666667 0.740234375 0.4309895833333333
0 0.7783203125 0.4440104166666667 0.7705078125 0.4401041666666667 0.765625 0.4466145833333333 0.7705078125 0.4622395833333333 0.77734375 0.4609375 0.78125 0.4505208333333333 0.7783203125 0.4440104166666667