0 0.7047717208333333 0.9506379174999999 0.72251916 0.97746027625 0.7301993791666667 0.9771528087500001 0.7341074991666666 0.9731987187500001 0.7341975516666667 0.9528506412500001 0.7284254225 0.9384336999999999 0.729538475 0.9298444625000001 0.7381497533333333 0.91580111 0.7359907158333333 0.9062578275 0.6928193966666667 0.94460618125 0.7047717208333333 0.9506379174999999
0 0.7676867325 0.8581966362500001 0.76559665 0.86777439625 0.7357857375000001 0.89473749875 0.7381037833333334 0.9030537475 0.7950243691666666 0.9158299225000001 0.7945013758333334 0.90676366125 0.7998635491666667 0.89813994625 0.8123388666666667 0.9132379425 0.8146109425 0.9088068300000001 0.8060188708333333 0.83753825875 0.8089269766666667 0.82819900875 0.8031778325 0.82015575 0.7618916183333333 0.83740601375 0.7485312108333333 0.84879126375 0.7655506791666666 0.85502703375 0.7676867325 0.8581966362500001
0 0.5785241875 0.92910861625 0.5879534891666667 0.915303775 0.5926336625 0.89884083375 0.5935417366666667 0.8787312675 0.5803844191666667 0.85579404375 0.5481194383333333 0.8820416125 0.5473473866666667 0.8945504637499999 0.5640718250000001 0.90961398375 0.5736160516666666 0.92767754875 0.5785241875 0.92910861625
0 0.47835766166666666 0.7980313462499999 0.5061704316666668 0.8061407287500001 0.5170997558333333 0.800413625 0.5213029066666667 0.787631785 0.5291421325 0.786097285 0.5305961849999999 0.78142766 0.5271421024999999 0.7753269675 0.4858539991666667 0.7467344300000001 0.4410217608333334 0.7323892775 0.44481684416666667 0.7424095825000001 0.44272676166666663 0.75198734375 0.4452038141666667 0.75907655875 0.47835766166666666 0.7980313462499999
0 0.4022796658333333 0.73000699875 0.4135499908333333 0.7281995087500001 0.42379731416666666 0.71463317875 0.426387405 0.7077479975 0.4235693516666667 0.6967391700000001 0.418956245 0.68648035375 0.403708845 0.67312089 0.4015498066666666 0.6635776074999999 0.38225826333333335 0.66177295125 0.3740550516666667 0.6530141575 0.3451522141666667 0.65986769375 0.3455391841666667 0.6765346700000001 0.35388671000000005 0.6950982425 0.35106225416666664 0.7125267225 0.31627425000000003 0.71893771375 0.31286613750000003 0.7255843837499999 0.31373013 0.7385702575 0.31884324416666665 0.7515216537499999 0.32506941 0.7558838112499999 0.33102353166666665 0.7754474 0.3626313858333333 0.7935770875 0.39346718666666664 0.8242156262500001 0.42137000916666667 0.81197693 0.43379935666666664 0.8143275649999999 0.4314813108333333 0.8060113162499999 0.43323039333333335 0.7925139425000001 0.42616321916666666 0.7815395925 0.42300416583333333 0.7666111512499999 0.396758485 0.7398577475 0.4022796658333333 0.73000699875
0 0.3603268816666667 0.5624205099999999 0.31860772666666665 0.55025643625 0.30913245500000003 0.55131391375 0.3075193941666667 0.5572105725000001 0.31115547083333334 0.5684579125 0.3293339616666667 0.57885180625 0.34662547416666667 0.56988614625 0.34823853416666667 0.5639894875 0.3603268816666667 0.5624205099999999
0 0.2723711833333333 0.6450138750000001 0.2952758175 0.65169218875 0.298319945 0.6347522250000001 0.2881396875 0.621596795 0.2635530375 0.60169409625 0.2570088566666666 0.59978600625 0.24346645666666664 0.60602460875 0.24480747249999998 0.61532938125 0.26073687333333334 0.63652807 0.2723711833333333 0.6450138750000001
0 0.22812711583333334 0.5671704224999999 0.239715455 0.56290886375 0.24914475666666666 0.54910402375 0.23875952166666664 0.52442826625 0.20762869 0.50261747625 0.1758177475 0.5188102625 0.16631949083333333 0.51349406 0.14623290916666667 0.5178245725 0.16577540166666668 0.54389692 0.22812711583333334 0.5671704224999999
0 0.10285283499999999 0.45296699375000005 0.11791824333333333 0.46117981 0.13864085416666666 0.45194116 0.1407079516666667 0.43598971875 0.13068670166666665 0.42160725499999996 0.10955413500000001 0.40780524749999997 0.08976258416666667 0.4033080125 0.08487743333333334 0.40825062625 0.08294635833333333 0.4166013525 0.08644641166666667 0.43544940625 0.10285283499999999 0.45296699375000005
0 0.1198971775 0.5114192475 0.12237423 0.5185084624999999 0.13725764583333333 0.52157463 0.13871169833333333 0.51690500625 0.12707738833333332 0.5084192012500001 0.1198971775 0.5114192475
0 0.6939900716666667 0.680081175 0.7206668041666666 0.6904061137499999 0.7369812875 0.68242897625 0.7453205216666667 0.6835870549999999 0.7565448758333333 0.6690322025000001 0.7641101683333333 0.6368563300000001 0.7607921074999999 0.6231549224999999 0.7524298883333334 0.61562316375 0.7342743825 0.61160295 0.7148468166666667 0.61739900875 0.6756277 0.61869783125 0.6808327541666667 0.6571439512499999 0.6939900716666667 0.680081175
0 0.5976378366666666 0.4737122875 0.5893445733333333 0.48530157125 0.59629871 0.5102503174999999 0.6045019216666666 0.51900911125 0.6115231258333333 0.51723609875 0.625996585 0.49726161124999996 0.6582864391666666 0.523230525 0.6697387558333333 0.5265696825 0.6889613441666667 0.5092532949999999 0.6910514266666666 0.499675535 0.6880743658333334 0.48989374124999996 0.6711219641666667 0.4569362125 0.6530794958333334 0.43894160249999997 0.6457172916666667 0.43679500125 0.6215635825 0.44630664000000003 0.6113852141666666 0.47899401249999995 0.5976378366666666 0.4737122875
0 0.6708996675000001 0.57657060875 0.673307765 0.56453878 0.6713077350000001 0.55376846375 0.6598324325 0.544055625 0.6317246325 0.54477399125 0.6219773158333334 0.5610329000000001 0.6374067091666666 0.57953901 0.6606293583333334 0.58376325625 0.6708996675000001 0.57657060875
0 0.4546255608333333 0.56190051 0.4518764633333333 0.570012725 0.45714858416666665 0.5817370875000001 0.4994137175 0.6093411025000001 0.5342706766666667 0.62205115375 0.5428819558333333 0.60800780125 0.5399949466666666 0.57787793 0.5489472258333333 0.56775419125 0.572510875 0.5758980512499999 0.5819861466666667 0.57484057375 0.5871893125 0.5674438924999999 0.5900744325 0.55173096125 0.5867563716666667 0.5380295537500001 0.5432191783333333 0.52024181125 0.5258146283333334 0.5431818675 0.5248835683333333 0.5569177525 0.4962527758333333 0.54856985875 0.4660778783333333 0.5652396675 0.4546255608333333 0.56190051
0 0.6141859483333334 0.6211575650000001 0.5994845258333333 0.62323804375 0.5872601566666666 0.6324077375 0.6013255491666666 0.635235395 0.6266382808333334 0.62988188125 0.6274333183333334 0.62374671125 0.6141859483333334 0.6211575650000001
0 0.40317640833333335 0.43484062 0.423626975 0.44080340125 0.44878069916666663 0.43667692125 0.45968703833333335 0.4245761375 0.4804096491666667 0.41533748875 0.48284073166666663 0.40967934125 0.4703883991666667 0.400955025 0.45968514916666664 0.37873333625 0.43773456 0.3646928175 0.4128758658333333 0.3599915475 0.3995154583333333 0.37137679749999997 0.3910191058333334 0.417288555 0.40317640833333335 0.43484062
0 0.4671200866666666 0.49168658375 0.4703232216666667 0.47351958625 0.46061998666666665 0.456683055 0.4424644808333333 0.45266284125 0.43253517166666666 0.4637751025 0.431786105 0.482657635 0.4386942716666667 0.49485901875000005 0.4578268075 0.49789071 0.4671200866666666 0.49168658375
0 0.37450153416666665 0.45958816625 0.3918160316666667 0.4569961875 0.40419940916666663 0.44659946 0.39154209833333337 0.42635481625 0.385156925 0.42321969125000003 0.36425232166666666 0.42731169375 0.35936717083333336 0.4322543075 0.35907214083333333 0.44108205624999997 0.366480315 0.45597602000000004 0.37450153416666665 0.45958816625
0 0.30019938333333335 0.47612572999999997 0.3039025266666667 0.46065131125000003 0.2948583066666667 0.44528032500000003 0.27865686083333335 0.43928306624999996 0.26954557500000004 0.45063383875 0.2684555075 0.46559675749999996 0.27175058333333335 0.47292448375 0.2876340141666667 0.48137580999999996 0.30019938333333335 0.47612572999999997
0 0.5627292416666666 0.3107264675 0.5784977458333334 0.28730938875 0.5800878208333333 0.27503904875 0.5690895408333334 0.26164510875 0.5440488541666666 0.25179719125 0.5401407333333332 0.2557512825 0.5367785908333333 0.275145315 0.5384376208333334 0.28199601874999997 0.5570030825 0.30905688875 0.5627292416666666 0.3107264675
0 0.5500757083333334 0.3821674275 0.5724113791666666 0.36703212 0.5744784766666667 0.35108067749999994 0.553958955 0.3259968525 0.5490508191666666 0.32456578625 0.5353723966666667 0.33840510375 0.5303512241666667 0.35094843249999996 0.53139721 0.36908095375 0.5392824066666666 0.380293815 0.5500757083333334 0.3821674275
0 0.32012211500000004 0 0.3253112358333334 0.0071975500000000005 0.33971762833333335 0.01394482 0.33819650916666666 0.045336202500000006 0.328585215 0.05399439625 0.33094923083333333 0.0750580075 0.3540588433333333 0.09325665125 0.36828324333333334 0.09485727375 0.37282739416666666 0.08599504749999999 0.38098463499999996 0.08200647875 0.38464180750000004 0.0537846975 0.36866643666666665 0.019838645 0.3665547533333333 0 0.32012211500000004 0
0 0.15760318166666668 0 0.167616745 0.01215432875 0.1710478433333333 0.01188134 0.17300190333333332 0.00990429375 0.16954123000000001 0 0.15760318166666668 0
0 0.23292442333333332 0.084678745 0.22224415916666668 0.06883073625 0.19899852416666666 0.058232808750000004 0.18679525166666666 0.02793338125 0.17695599416666666 0.018697565 0.1784790025 0.03314898375 0.1870462 0.0522010725 0.17602682333333333 0.07827625249999999 0.183253005 0.08802356874999999 0.18100391500000002 0.09882836375 0.19050217166666666 0.10414456625 0.1959333 0.11464189375 0.19482024750000002 0.12323113125000001 0.19929733166666666 0.14109066374999998 0.21000058166666666 0.16331235249999998 0.23079214833333334 0.17319474750000002 0.23474623916666668 0.18198801875 0.23331517166666665 0.193031325 0.23972333083333333 0.20254013 0.2680361083333333 0.21334209125 0.277829395 0.209830545 0.2814865675 0.18160876375 0.2731243483333333 0.17407700375000001 0.2707833175 0.15938707375 0.25199178166666664 0.16027499625 0.23429031333333333 0.1462 0.233449305 0.1395878075 0.23831147083333334 0.1282715125 0.23292442333333332 0.084678745
0 0.10291045833333333 0.197031225 0.10436451083333334 0.19236160125 0.08986617749999999 0.16011960625 0.0896612 0.14859927750000002 0.08425305583333334 0.14447563125000001 0.07336970250000001 0.16295009624999998 0.08943512499999999 0.17654807000000003 0.0973433075 0.1941346125 0.10291045833333333 0.197031225
0 0.1657199875 0.3019355475 0.16208391166666666 0.29068820875 0.15847082083333333 0.28581455125 0.15144961666666668 0.2875875625 0.14983655666666665 0.29348422125 0.15363163999999999 0.30350452625 0.16394792 0.30905924125 0.1657199875 0.3019355475
0 0.080499845 0.59925702625 0.08836205666666667 0.60409620625 0.09651929749999999 0.6001076375000001 0.0958372975 0.59226841125 0.08813409333333334 0.5862021975 0.080499845 0.59925702625
0 0.21747361333333334 0.64938169875 0.20699832666666665 0.64505401875 0.20211317583333333 0.6499966325 0.20590825916666666 0.6600169375 0.21981464416666668 0.6640716287499999 0.22240473416666665 0.6571864475 0.21747361333333334 0.64938169875
0 0.5153298975 0.3096401775 0.5078086866666667 0.30872061 0.5035825508333334 0.31512876875 0.5055825816666667 0.32589908624999997 0.5216020341666667 0.32674969750000005 0.5233741016666666 0.319626005 0.5153298975 0.3096401775
0 0.16537300083333334 0.70422747125 0.16812209833333333 0.69611525625 0.15666978083333333 0.69277609875 0.15669276583333333 0.69914978 0.16537300083333334 0.70422747125
0 0.3051878075 0.7717346525000001 0.29471252000000003 0.7674069725 0.28998637666666666 0.7711225525000001 0.2939404683333333 0.7799158237499999 0.3045747625 0.7830164700000001 0.30716485250000003 0.77613128875 0.3051878075 0.7717346525000001
0 0.505699075 0.9473502362499999 0.5076301508333333 0.93899951 0.5026990291666666 0.93119476125 0.49517781833333335 0.93027519375 0.48997465249999994 0.937671875 0.490838645 0.95065774875 0.49608778166666667 0.95600843 0.4993598716666667 0.956962475 0.505699075 0.9473502362499999