0 0.22 0.14375 0.21333333333333335 0.16 0.21666666666666667 0.16875 0.25416666666666665 0.11875 0.24166666666666667 0.11625 0.22083333333333333 0.095 0.21333333333333335 0.0975 0.21 0.1025 0.2125 0.1225 0.22 0.135 0.22 0.14375
0 0.16166666666666665 0.2725 0.2 0.24375 0.21166666666666667 0.22875 0.19416666666666665 0.2275 0.19166666666666668 0.225 0.1925 0.215 0.21833333333333332 0.18 0.215 0.1725 0.1575 0.17625 0.15916666666666668 0.185 0.155 0.195 0.14083333333333334 0.18375 0.13916666666666666 0.18875 0.15666666666666668 0.25625 0.155 0.26625 0.16166666666666665 0.2725
0 0.14666666666666667 0 0.14666666666666667 0.00875 0.15666666666666668 0.0325 0.19583333333333333 0.08625 0.20333333333333334 0.09125 0.21083333333333334 0.07875 0.265 0.07125 0.275 0.08 0.2991666666666667 0.07625 0.3425 0.03 0.3441666666666667 0.01875 0.35583333333333333 0.01 0.35833333333333334 0 0.3375 0 0.32083333333333336 0.02625 0.305 0.03625 0.3 0.02875 0.2925 0 0.28833333333333333 0 0.29083333333333333 0.02625 0.2783333333333333 0.03875 0.2633333333333333 0.00875 0.21833333333333332 0.0075 0.20666666666666667 0 0.14666666666666667 0
0 0.4041666666666667 0.13875 0.4033333333333333 0.12625 0.385 0.11625 0.37333333333333335 0.10125 0.36833333333333335 0.10125 0.36083333333333334 0.1175 0.35833333333333334 0.135 0.36 0.155 0.37583333333333335 0.17375 0.4041666666666667 0.13875
0 0.5283333333333333 0.255 0.5233333333333333 0.24625 0.5241666666666667 0.23625 0.5208333333333334 0.23 0.48333333333333334 0.20125 0.455 0.20125 0.445 0.21 0.4425 0.22375 0.435 0.2275 0.43416666666666665 0.2325 0.43833333333333335 0.2375 0.4825 0.25375 0.5283333333333333 0.255
0 0.5283333333333333 0.19375 0.5366666666666666 0.2025 0.5416666666666666 0.21625 0.5708333333333333 0.235 0.5666666666666667 0.24625 0.5558333333333333 0.25125 0.5475 0.2675 0.5458333333333333 0.275 0.55 0.285 0.5558333333333333 0.29375 0.5725 0.3025 0.5758333333333333 0.31125 0.595 0.3075 0.6041666666666666 0.31375 0.6316666666666667 0.29875 0.6291666666666667 0.2825 0.6186111108333333 0.26666666625 0.6191666666666666 0.24875 0.6525 0.2325 0.655 0.225 0.6525 0.2125 0.6458333333333334 0.20125 0.6391666666666667 0.19875 0.6308333333333334 0.18125 0.5975 0.1725 0.5633333333333334 0.15125 0.5375 0.17125 0.525 0.1725 0.5283333333333333 0.18 0.5283333333333333 0.19375
0 0.6766666666666666 0.37875 0.6575 0.37375 0.6416666666666667 0.3875 0.6408333333333334 0.39375 0.6291666666666667 0.39875 0.6716666666666666 0.39875 0.6808333333333333 0.395 0.6816666666666666 0.38875 0.6766666666666666 0.37875
0 0.7258333333333333 0.3325 0.7383333333333333 0.3225 0.7358333333333333 0.31375 0.7175 0.2975 0.705 0.2925 0.6816666666666666 0.2925 0.6808333333333333 0.31 0.6925 0.32 0.7191666666666666 0.3325 0.7258333333333333 0.3325
0 0.8158333333333333 0.38875 0.8258333333333333 0.39125 0.845 0.38125 0.8225 0.36125 0.7583333333333333 0.35625 0.7475 0.36375 0.74 0.38 0.7533333333333333 0.40125 0.7866666666666666 0.41375 0.8158333333333333 0.38875
0 0.915 0.4775 0.9191666666666667 0.47125 0.92 0.4625 0.9141666666666667 0.445 0.8958333333333334 0.4325 0.88 0.42875 0.8608333333333333 0.44375 0.8608333333333333 0.46 0.8725 0.47125 0.895 0.47875 0.915 0.4775
0 0.8683333333333333 0.37375 0.8533333333333334 0.375 0.8525 0.38 0.865 0.385 0.8716666666666667 0.38 0.8683333333333333 0.37375
0 0.25583333333333336 0.4575 0.27416666666666667 0.44625 0.3125 0.43375 0.3025 0.3975 0.2866666666666667 0.37875 0.25916666666666666 0.37625 0.24416666666666667 0.38875 0.23583333333333334 0.39 0.22666666666666666 0.4075 0.22333333333333333 0.44125 0.22833333333333333 0.45375 0.2375 0.45875 0.25583333333333336 0.4575
0 0.3575 0.60375 0.365 0.60375 0.3875 0.5875 0.3933333333333333 0.5525 0.4075 0.55375 0.4141666666666667 0.54 0.4041666666666667 0.5175 0.395 0.51125 0.3883333333333333 0.515 0.37666666666666665 0.53875 0.3416666666666667 0.5225 0.33 0.5225 0.31333333333333335 0.545 0.3125 0.555 0.31666666666666665 0.56375 0.3375 0.59125 0.3575 0.60375
0 0.365 0.49375 0.3725 0.475 0.355 0.46125 0.33166666666666667 0.46375 0.3225 0.47375 0.32166666666666666 0.48625 0.325 0.49625 0.3375 0.5025 0.365 0.49375
0 0.4691666666666667 0.465 0.4683333333333333 0.45125 0.4975 0.45125 0.525 0.42625 0.5366666666666666 0.42625 0.5383333333333333 0.4175 0.5316666666666666 0.4075 0.4866666666666667 0.3925 0.4508333333333333 0.39 0.44416666666666665 0.40625 0.4508333333333333 0.435 0.44333333333333336 0.4475 0.4191666666666667 0.44625 0.41 0.45 0.4058333333333333 0.45875 0.405 0.475 0.41 0.4875 0.455 0.4925 0.4691666666666667 0.465
0 0.3975 0.395 0.38333333333333336 0.39625 0.3591666666666667 0.40875 0.3591666666666667 0.415 0.3725 0.41375 0.38666666666666666 0.4075 0.3975 0.395
0 0.5783333333333334 0.615 0.6033333333333334 0.6125 0.615 0.5975 0.6175 0.55 0.6033333333333334 0.53625 0.5825 0.53625 0.5583333333333333 0.5475 0.5491666666666667 0.5625 0.53 0.5775 0.5283333333333333 0.58375 0.5416666666666666 0.58875 0.555 0.6075 0.5783333333333334 0.615
0 0.5708333333333333 0.51625 0.5691666666666667 0.4975 0.5608333333333333 0.4875 0.5416666666666666 0.49 0.5333333333333333 0.49875 0.5325 0.5175 0.5441666666666667 0.53125 0.5625 0.53 0.5708333333333333 0.51625
0 0.6425 0.5325 0.6466666666666666 0.52625 0.6458333333333334 0.5175 0.6366666666666667 0.505 0.6283333333333333 0.50375 0.6116666666666667 0.51125 0.6008333333333333 0.525 0.6158333333333333 0.54125 0.6225 0.5425 0.6425 0.5325
0 0.7325 0.4825 0.7316666666666667 0.4675 0.7275 0.46125 0.7108333333333333 0.4575 0.6991666666666667 0.46625 0.6975 0.4825 0.7083333333333334 0.495 0.725 0.49625 0.7325 0.4825
0 0.49166666666666664 0.75125 0.4925 0.73125 0.49 0.725 0.4683333333333333 0.70375 0.4625 0.70375 0.45 0.73125 0.45 0.74375 0.4625 0.75375 0.48833333333333334 0.75625 0.49166666666666664 0.75125
0 0.48583333333333334 0.66875 0.4891666666666667 0.655 0.48583333333333334 0.6375 0.4766666666666667 0.62875 0.4658333333333333 0.63 0.44583333333333336 0.65125 0.44583333333333336 0.6675 0.4691666666666667 0.68625 0.4741666666666667 0.68625 0.48583333333333334 0.66875
0 0.7641666666666667 0.99875 0.7608333333333334 0.96875 0.7516666666666667 0.95 0.7341666666666666 0.93375 0.7191666666666666 0.93125 0.7166666666666667 0.9 0.725 0.88875 0.72 0.86875 0.695 0.8575 0.6808333333333333 0.86 0.6775 0.87 0.67 0.87625 0.67 0.905 0.69 0.93375 0.7058333333333333 0.99875 0.7641666666666667 0.99875
0 0.915 0.905 0.8883333333333333 0.88375 0.885 0.885 0.8833333333333333 0.8875 0.89 0.9 0.9233333333333333 0.91875 0.915 0.905
0 0.7866666666666666 0.7625 0.8058333333333333 0.77125 0.8075 0.7775 0.8041666666666667 0.79 0.815 0.83125 0.8275 0.84375 0.8516666666666667 0.8475 0.8675 0.87375 0.8783333333333333 0.88 0.875 0.86625 0.8641666666666666 0.85 0.8716666666666667 0.82125 0.8633333333333333 0.81375 0.8641666666666666 0.8025 0.8541666666666666 0.8 0.8475 0.79125 0.8475 0.7825 0.8408333333333333 0.76625 0.8275 0.7475 0.8058333333333333 0.74375 0.8008333333333333 0.73625 0.8008333333333333 0.725 0.7933333333333333 0.7175 0.7641666666666667 0.715 0.755 0.72125 0.755 0.75 0.7641666666666667 0.755 0.7683333333333333 0.76875 0.7866666666666666 0.7625
0 0.9533333333333334 0.73 0.9616666666666667 0.70875 0.9441666666666667 0.7 0.9341666666666667 0.685 0.9283333333333333 0.68375 0.9275 0.68875 0.9458333333333333 0.71625 0.9475 0.7275 0.9533333333333334 0.73
0 0.8691666666666666 0.60875 0.87 0.6025 0.865 0.59375 0.8541666666666666 0.59125 0.8533333333333334 0.59875 0.8583333333333333 0.60875 0.8625 0.6125 0.8691666666666666 0.60875
0 0.8908333333333334 0.28 0.8833333333333333 0.28625 0.885 0.29375 0.8933333333333333 0.2975 0.8991666666666667 0.2825 0.8908333333333334 0.28
0 0.7733333333333333 0.2675 0.7683333333333333 0.25875 0.7541666666666667 0.25875 0.7525 0.26625 0.7583333333333333 0.2725 0.7691666666666667 0.27375 0.7733333333333333 0.2675
0 0.52 0.6825 0.5166666666666667 0.6725 0.5008333333333334 0.67625 0.5 0.68375 0.5091666666666667 0.69125 0.5166666666666667 0.69 0.52 0.6825
0 0.8025 0.20375 0.8008333333333333 0.2125 0.8125 0.2125 0.8116666666666666 0.20625 0.8025 0.20375
0 0.6716666666666666 0.17375 0.6666666666666666 0.16625 0.6558333333333334 0.16625 0.6541666666666667 0.17375 0.6566666666666666 0.1775 0.6675 0.17875 0.6716666666666666 0.17375
0 0.45416666666666666 0.0675 0.45166666666666666 0.055 0.44583333333333336 0.05125 0.4425 0.05125 0.4375 0.0625 0.43666666666666665 0.07125 0.4425 0.0775 0.45 0.07625 0.45416666666666666 0.0675