0 0.7341074991666666 0.02680128125 0.7301993791666667 0.02284719125 0.72251916 0.02253972375 0.7047717208333333 0.0493620825 0.6928193966666667 0.055393818750000004 0.7359907158333333 0.0937421725 0.7381497533333333 0.08419889 0.729538475 0.07015553749999999 0.7284254225 0.0615663 0.7341975516666667 0.04714935875 0.7341074991666666 0.02680128125
0 0.8146109425 0.09119317 0.8123388666666667 0.08676205749999999 0.7998635491666667 0.10186005375000001 0.7945013758333334 0.09323633875000001 0.7950243691666666 0.0841700775 0.7381037833333334 0.0969462525 0.7357857375000001 0.10526250125 0.76559665 0.13222560375 0.7676867325 0.14180336375 0.7655506791666666 0.14497296625 0.7485312108333333 0.15120873625 0.7618916183333333 0.16259398625 0.8031778325 0.17984425 0.8089269766666667 0.17180099125 0.8060188708333333 0.16246174124999999 0.8146109425 0.09119317
0 0.5926336625 0.10115916625 0.5879534891666667 0.084696225 0.5785241875 0.07089138375 0.5736160516666666 0.07232245125 0.5640718250000001 0.09038601625 0.5473473866666667 0.10544953625 0.5481194383333333 0.1179583875 0.5803844191666667 0.14420595625000002 0.5935417366666667 0.12126873249999999 0.5926336625 0.10115916625
0 0.5305961849999999 0.21857233999999998 0.5291421325 0.21390271500000002 0.5213029066666667 0.21236821500000003 0.5170997558333333 0.19958637499999998 0.5061704316666668 0.19385927125 0.47835766166666666 0.20196865375 0.4452038141666667 0.24092344125 0.44272676166666663 0.24801265625 0.44481684416666667 0.2575904175 0.4410217608333334 0.2676107225 0.4858539991666667 0.25326557 0.5271421024999999 0.2246730325 0.5305961849999999 0.21857233999999998
0 0.42137000916666667 0.18802307 0.39346718666666664 0.17578437375 0.3626313858333333 0.2064229125 0.33102353166666665 0.2245526 0.32506941 0.24411618875 0.31884324416666665 0.24847834625 0.31373013 0.2614297425 0.31286613750000003 0.27441561625 0.31627425000000003 0.28106228625 0.35106225416666664 0.2874732775 0.35388671000000005 0.3049017575 0.3455391841666667 0.32346533 0.3451522141666667 0.34013230624999996 0.3740550516666667 0.34698584250000003 0.38225826333333335 0.33822704875 0.4015498066666666 0.33642239250000006 0.403708845 0.32687911 0.418956245 0.31351964625 0.4235693516666667 0.30326083 0.426387405 0.2922520025 0.42379731416666666 0.28536682125 0.4135499908333333 0.27180049125 0.4022796658333333 0.26999300125000003 0.396758485 0.2601422525 0.42300416583333333 0.23338884875000002 0.42616321916666666 0.2184604075 0.43323039333333335 0.2074860575 0.4314813108333333 0.19398868375 0.43379935666666664 0.185672435 0.42137000916666667 0.18802307
0 0.31860772666666665 0.44974356375 0.3603268816666667 0.43757949 0.34823853416666667 0.4360105125 0.34662547416666667 0.43011385375000005 0.3293339616666667 0.42114819375 0.31115547083333334 0.4315420875 0.3075193941666667 0.4427894275 0.30913245500000003 0.44868608625 0.31860772666666665 0.44974356375
0 0.298319945 0.365247775 0.2952758175 0.34830781125 0.2723711833333333 0.354986125 0.26073687333333334 0.36347193 0.24480747249999998 0.38467061874999997 0.24346645666666664 0.39397539125000003 0.2570088566666666 0.40021399375 0.2635530375 0.39830590375 0.2881396875 0.37840320499999996 0.298319945 0.365247775
0 0.24914475666666666 0.45089597625000005 0.239715455 0.43709113625 0.22812711583333334 0.4328295775 0.16577540166666668 0.45610308000000005 0.14623290916666667 0.4821754275 0.16631949083333333 0.48650593999999997 0.1758177475 0.48118973750000005 0.20762869 0.49738252375 0.23875952166666664 0.47557173375 0.24914475666666666 0.45089597625000005
0 0.1407079516666667 0.5640102812500001 0.13864085416666666 0.5480588399999999 0.11791824333333333 0.53882019 0.10285283499999999 0.54703300625 0.08644641166666667 0.5645505937499999 0.08294635833333333 0.5833986474999999 0.08487743333333334 0.59174937375 0.08976258416666667 0.5966919875 0.10955413500000001 0.5921947525 0.13068670166666665 0.578392745 0.1407079516666667 0.5640102812500001
0 0.13871169833333333 0.48309499375000003 0.13725764583333333 0.47842537 0.12237423 0.4814915375 0.1198971775 0.4885807525 0.12707738833333332 0.49158079875 0.13871169833333333 0.48309499375000003
0 0.7641101683333333 0.36314367 0.7565448758333333 0.33096779750000005 0.7453205216666667 0.316412945 0.7369812875 0.31757102375 0.7206668041666666 0.30959388625 0.6939900716666667 0.319918825 0.6808327541666667 0.34285604875 0.6756277 0.38130216875 0.7148468166666667 0.38260099125 0.7342743825 0.38839705 0.7524298883333334 0.38437683624999996 0.7607921074999999 0.3768450775 0.7641101683333333 0.36314367
0 0.6910514266666666 0.5003244649999999 0.6889613441666667 0.49074670500000006 0.6697387558333333 0.47343031750000003 0.6582864391666666 0.476769475 0.625996585 0.50273838875 0.6115231258333333 0.48276390125 0.6045019216666666 0.48099088875 0.59629871 0.48974968250000006 0.5893445733333333 0.5146984287499999 0.5976378366666666 0.5262877125 0.6113852141666666 0.5210059875 0.6215635825 0.55369336 0.6457172916666667 0.5632049987500001 0.6530794958333334 0.5610583975 0.6711219641666667 0.5430637875 0.6880743658333334 0.51010625875 0.6910514266666666 0.5003244649999999
0 0.673307765 0.43546122 0.6708996675000001 0.42342939125 0.6606293583333334 0.41623674375 0.6374067091666666 0.42046099 0.6219773158333334 0.4389671 0.6317246325 0.45522600875 0.6598324325 0.45594437499999996 0.6713077350000001 0.44623153625 0.673307765 0.43546122
0 0.5900744325 0.44826903875 0.5871893125 0.4325561075 0.5819861466666667 0.42515942625 0.572510875 0.42410194875 0.5489472258333333 0.43224580875 0.5399949466666666 0.42212207 0.5428819558333333 0.39199219874999996 0.5342706766666667 0.37794884625 0.4994137175 0.3906588975 0.45714858416666665 0.4182629125 0.4518764633333333 0.429987275 0.4546255608333333 0.43809949000000004 0.4660778783333333 0.4347603325 0.4962527758333333 0.45143014125 0.5248835683333333 0.4430822475 0.5258146283333334 0.4568181325 0.5432191783333333 0.47975818875000004 0.5867563716666667 0.46197044624999994 0.5900744325 0.44826903875
0 0.6274333183333334 0.37625328875 0.6266382808333334 0.37011811875 0.6013255491666666 0.364764605 0.5872601566666666 0.3675922625 0.5994845258333333 0.37676195625 0.6141859483333334 0.378842435 0.6274333183333334 0.37625328875
0 0.48284073166666663 0.5903206587500001 0.4804096491666667 0.58466251125 0.45968703833333335 0.5754238625 0.44878069916666663 0.56332307875 0.423626975 0.55919659875 0.40317640833333335 0.56515938 0.3910191058333334 0.5827114449999999 0.3995154583333333 0.6286232025 0.4128758658333333 0.6400084524999999 0.43773456 0.6353071825 0.45968514916666664 0.62126666375 0.4703883991666667 0.599044975 0.48284073166666663 0.5903206587500001
0 0.4703232216666667 0.52648041375 0.4671200866666666 0.50831341625 0.4578268075 0.50210929 0.4386942716666667 0.50514098125 0.431786105 0.517342365 0.43253517166666666 0.5362248975 0.4424644808333333 0.54733715875 0.46061998666666665 0.5433169449999999 0.4703232216666667 0.52648041375
0 0.40419940916666663 0.55340054 0.3918160316666667 0.5430038125 0.37450153416666665 0.54041183375 0.366480315 0.54402398 0.35907214083333333 0.55891794375 0.35936717083333336 0.5677456925 0.36425232166666666 0.57268830625 0.385156925 0.57678030875 0.39154209833333337 0.5736451837500001 0.40419940916666663 0.55340054
0 0.3039025266666667 0.53934868875 0.30019938333333335 0.52387427 0.2876340141666667 0.51862419 0.27175058333333335 0.52707551625 0.2684555075 0.5344032425 0.26954557500000004 0.54936616125 0.27865686083333335 0.56071693375 0.2948583066666667 0.554719675 0.3039025266666667 0.53934868875
0 0.5800878208333333 0.7249609512499999 0.5784977458333334 0.7126906112499999 0.5627292416666666 0.6892735325 0.5570030825 0.6909431112500001 0.5384376208333334 0.71800398125 0.5367785908333333 0.7248546849999999 0.5401407333333332 0.7442487175 0.5440488541666666 0.7482028087499999 0.5690895408333334 0.73835489125 0.5800878208333333 0.7249609512499999
0 0.5744784766666667 0.6489193225 0.5724113791666666 0.63296788 0.5500757083333334 0.6178325725 0.5392824066666666 0.619706185 0.53139721 0.63091904625 0.5303512241666667 0.6490515675 0.5353723966666667 0.66159489625 0.5490508191666666 0.6754342137499999 0.553958955 0.6740031475000001 0.5744784766666667 0.6489193225
0 0.3665547533333333 1 0.36866643666666665 0.980161355 0.38464180750000004 0.9462153025000001 0.38098463499999996 0.91799352125 0.37282739416666666 0.9140049525 0.36828324333333334 0.90514272625 0.3540588433333333 0.90674334875 0.33094923083333333 0.9249419925 0.328585215 0.94600560375 0.33819650916666666 0.9546637975 0.33971762833333335 0.98605518 0.3253112358333334 0.9928024499999999 0.32012211500000004 1 0.3665547533333333 1
0 0.16954123000000001 1 0.17300190333333332 0.99009570625 0.1710478433333333 0.9881186599999999 0.167616745 0.98784567125 0.15760318166666668 1 0.16954123000000001 1
0 0.2814865675 0.81839123625 0.277829395 0.790169455 0.2680361083333333 0.78665790875 0.23972333083333333 0.79745987 0.23331517166666665 0.8069686749999999 0.23474623916666668 0.81801198125 0.23079214833333334 0.8268052525 0.21000058166666666 0.8366876474999999 0.19929733166666666 0.85890933625 0.19482024750000002 0.8767688687499999 0.1959333 0.88535810625 0.19050217166666666 0.89585543375 0.18100391500000002 0.9011716362500001 0.183253005 0.9119764312499999 0.17602682333333333 0.9217237475000001 0.1870462 0.9477989275 0.1784790025 0.96685101625 0.17695599416666666 0.981302435 0.18679525166666666 0.97206661875 0.19899852416666666 0.9417671912500001 0.22224415916666668 0.9311692637500001 0.23292442333333332 0.9153212550000001 0.23831147083333334 0.8717284875 0.233449305 0.8604121925 0.23429031333333333 0.8538 0.25199178166666664 0.8397250037499999 0.2707833175 0.84061292625 0.2731243483333333 0.82592299625 0.2814865675 0.81839123625
0 0.10436451083333334 0.80763839875 0.10291045833333333 0.802968775 0.0973433075 0.8058653875 0.08943512499999999 0.8234519299999999 0.07336970250000001 0.83704990375 0.08425305583333334 0.8555243687499999 0.0896612 0.8514007225 0.08986617749999999 0.83988039375 0.10436451083333334 0.80763839875
0 0.1657199875 0.6980644524999999 0.16394792 0.69094075875 0.15363163999999999 0.69649547375 0.14983655666666665 0.70651577875 0.15144961666666668 0.7124124374999999 0.15847082083333333 0.7141854487499999 0.16208391166666666 0.70931179125 0.1657199875 0.6980644524999999
0 0.0958372975 0.40773158875 0.09651929749999999 0.3998923625 0.08836205666666667 0.39590379374999995 0.080499845 0.40074297375 0.08813409333333334 0.41379780250000003 0.0958372975 0.40773158875
0 0.22240473416666665 0.34281355249999995 0.21981464416666668 0.33592837125 0.20590825916666666 0.3399830625 0.20211317583333333 0.35000336750000005 0.20699832666666665 0.35494598125000004 0.21747361333333334 0.35061830125 0.22240473416666665 0.34281355249999995
0 0.5233741016666666 0.6803739950000001 0.5216020341666667 0.6732503025 0.5055825816666667 0.6741009137499999 0.5035825508333334 0.6848712312499999 0.5078086866666667 0.6912793899999999 0.5153298975 0.6903598225 0.5233741016666666 0.6803739950000001
0 0.16812209833333333 0.30388474375 0.16537300083333334 0.29577252875 0.15669276583333333 0.30085022 0.15666978083333333 0.30722390125 0.16812209833333333 0.30388474375
0 0.30716485250000003 0.22386871125 0.3045747625 0.21698353 0.2939404683333333 0.22008417624999999 0.28998637666666666 0.2288774475 0.29471252000000003 0.2325930275 0.3051878075 0.2282653475 0.30716485250000003 0.22386871125
0 0.5076301508333333 0.061000490000000004 0.505699075 0.052649763749999995 0.4993598716666667 0.043037525 0.49608778166666667 0.04399157 0.490838645 0.049342251250000004 0.48997465249999994 0.062328125 0.49517781833333335 0.06972480625000001 0.5026990291666666 0.06880523875 0.5076301508333333 0.061000490000000004