0 0.3734036928104575 0.4346767156862745 0.38357684313725493 0.4662779534313725 0.3644282581699346 0.5060009730392157 0.3645708431372549 0.5182540098039216 0.37766926470588236 0.5203624117647059 0.3986512058823529 0.49775086764705884 0.42332837908496734 0.5118128774509805 0.41558744444444445 0.5487858602941177 0.41899750490196075 0.5609533455882353 0.44837627287581694 0.5577327794117647 0.4484618235294118 0.565084600490196 0.4598979901960784 0.5647851715686275 0.47913212581699344 0.5324139730392157 0.49377873529411764 0.5271277794117647 0.5035811633986927 0.5268711274509804 0.5119779901960785 0.5462621053921569 0.5217519003267974 0.5435548455882353 0.5229578839869281 0.5067529632352942 0.5359992712418301 0.5039601519607844 0.5325321764705883 0.4868914534313726 0.5549767549019609 0.4495334901960784 0.5926097630718954 0.45345086764705883 0.5809454607843136 0.4341454411764706 0.5661562679738562 0.4271785980392157 0.5707723120915033 0.4025442009803922 0.5821229264705883 0.3948929509803921 0.5835855637254902 0.3801465318627451 0.5525730571895425 0.383409875 0.5491915130718954 0.37369299754901963 0.5229946699346405 0.36947619117647057 0.5191853709150327 0.32300020833333337 0.5125363496732026 0.3133688823529412 0.5059728807189542 0.311089375 0.5029620571895425 0.33323039215686273 0.4948789183006536 0.3407960906862745 0.47200658496732023 0.3413949460784314 0.4422285800653595 0.31030701470588234 0.4211610866013072 0.32556673774509803 0.40800563071895424 0.3185571200980392 0.40003656045751634 0.3359252475490196 0.37042965522875815 0.31954095833333335 0.40361772385620914 0.36279637499999995 0.39392936274509804 0.3728554558823529 0.39911574673202616 0.39723320098039216 0.3894559035947712 0.40974288970588235 0.39131777777777776 0.4293049705882353 0.3734036928104575 0.4346767156862745
0 0.6481448790849673 0.17009113480392157 0.6466822418300654 0.18483755147058822 0.6550505522875817 0.20177792401960787 0.6860345408496732 0.19606397549019608 0.6858349215686275 0.1789097254901961 0.6708461094771242 0.15478863480392158 0.6481448790849673 0.17009113480392157
0 0.6858551699346405 0.3210877132352941 0.7221966454248366 0.3544551519607843 0.7253215359477124 0.3421165637254902 0.7068656290849673 0.30092677450980393 0.6871181862745098 0.28918704411764706 0.6858551699346405 0.3210877132352941
0 0.9613092810457516 0.11776730882352941 0.9527698692810457 0.08612329411764705 0.9414192532679739 0.09377454411764706 0.9384369477124183 0.11836616666666668 0.9613092810457516 0.11776730882352941
0 0.9745788039215686 0.13457935539215687 0.99429772875817 0.14386847794117646 0.9939270081699346 0.11201058578431372 0.9856727663398692 0.10487264215686275 0.9759558888888888 0.11248111519607842 0.9745788039215686 0.13457935539215687
0 0.9933851846405228 0.06544904901960784 0.9930429803921569 0.036041764705882356 0.9833261029411764 0.043650240196078424 0.983497205882353 0.05835388235294118 0.9933851846405228 0.06544904901960784
0 0.29393284803921566 0.7676902230392156 0.29238466013071895 0.7750848210784314 0.32187749673202615 0.7816666838235294 0.343002022875817 0.7713081740196078 0.327927660130719 0.7398352598039215 0.30995654084967317 0.7403057916666667 0.29393284803921566 0.7676902230392156
0 0.6761420032679738 0.7503289338235294 0.6763416225490195 0.7674831838235295 0.6926219689542483 0.7621542156862745 0.6761420032679738 0.7503289338235294
0 0.8599559281045752 0.6768783039215687 0.8629667516339871 0.6547372892156863 0.8449385980392158 0.6503066053921568 0.8386032647058823 0.667631955882353 0.8599559281045752 0.6768783039215687
0 0.8938651895424836 0.6416715196078432 0.8985953022875818 0.6268395490196079 0.8854683627450981 0.6222805392156863 0.8823719885620915 0.6370697328431372 0.8938651895424836 0.6416715196078432
0 0.21877718627450982 0.3480251495098039 0.20602096895424837 0.3753240318627451 0.2062491045751634 0.39492888970588236 0.23413671895424837 0.40400413480392156 0.2567809166666667 0.38380041911764706 0.24827002124183004 0.354607012254902 0.22531213725490196 0.34785404901960787 0.21877718627450982 0.3480251495098039
0 0.5281608055555556 0.2516759485294118 0.5284174591503268 0.2737314117647059 0.5416299477124183 0.2856422450980392 0.570951683006536 0.2775204632352941 0.5772870163398692 0.26019511274509804 0.5638463905228758 0.22867942401960784 0.5281608055555556 0.2516759485294118
0 0.087858272875817 0.19211495343137255 0.07309759640522875 0.1875987205882353 0.07008677450980393 0.20973973529411766 0.08160849183006537 0.2167921274509804 0.0850185522875817 0.22895961029411765 0.09482098039215686 0.22870295833333332 0.09628361764705883 0.21395653921568628 0.087858272875817 0.19211495343137255
0 0.137355204248366 0.23249200980392157 0.15862231699346405 0.2343865343137255 0.16504320098039216 0.22441300490196078 0.15011142156862745 0.2051931274509804 0.13391662581699346 0.21787391911764709 0.137355204248366 0.23249200980392157
0 0.08661550490196078 0.36619360784313726 0.08799258986928105 0.3440953700980392 0.07948169607843138 0.3149019607843137 0.04027198202614379 0.3159285735294117 0.02897840032679739 0.3284810392156863 0.02599609477124183 0.35307265931372545 0.03760336274509804 0.367476875 0.044651620915032685 0.41141669852941176 0.08543803921568628 0.4054460980392157 0.09664606862745098 0.38554181372549023 0.08661550490196078 0.36619360784313726
0 0.3068399183006536 0.6129169975490196 0.2841386879084967 0.6282194975490196 0.2810993480392157 0.6479099044117647 0.2958600245098039 0.6524261397058824 0.30890141176470587 0.6496333284313724 0.3152937794117647 0.6372091911764707 0.31343190522875813 0.6176471102941177 0.3068399183006536 0.6129169975490196
0 0.7005753496732027 0.041247973039215687 0.6970797385620915 0.021728666666666667 0.6840098333333333 0.022070872549019606 0.6826327483660131 0.04416911029411765 0.7005753496732027 0.041247973039215687