0 0.3835616438356164 0.4230769230769231 0.3933463796477495 0.46153846153846156 0.3796477495107632 0.6331360946745562 0.38943248532289626 0.7041420118343196 0.38747553816046965 0.8994082840236687 0.3972602739726027 0.8816568047337278 0.3953033268101761 0.8195266272189349 0.41487279843444225 0.7869822485207101 0.40117416829745595 0.6863905325443787 0.4090019569471624 0.6420118343195266 0.410958904109589 0.46745562130177515 0.4050880626223092 0.4230769230769231 0.4207436399217221 0.30177514792899407 0.41291585127201563 0.20414201183431951 0.4246575342465753 0.15680473372781065 0.41487279843444225 0.12721893491124261 0.3835616438356164 0.10059171597633136 0.3561643835616438 0.10059171597633136 0.3405088062622309 0.11538461538461539 0.33659491193737767 0.16568047337278108 0.36203522504892366 0.19822485207100593 0.3776908023483366 0.2781065088757396 0.3835616438356164 0.4230769230769231
0 0.46771037181996084 0.5650887573964497 0.45401174168297453 0.5414201183431953 0.42661448140900193 0.5443786982248521 0.4227005870841487 0.591715976331361 0.44227005870841485 0.6094674556213018 0.4657534246575342 0.5946745562130178 0.46771037181996084 0.5650887573964497
0 0.512720156555773 0.5828402366863905 0.6320939334637965 0.6568047337278107 0.6927592954990215 0.8106508875739645 0.726027397260274 0.9644970414201184 0.735812133072407 0.9822485207100592 0.7475538160469667 0.9792899408284024 0.7397260273972602 0.9556213017751479 0.7455968688845401 0.9378698224852071 0.6888454011741683 0.772189349112426 0.6555772994129159 0.5621301775147929 0.6594911937377691 0.4970414201183432 0.6320939334637965 0.45857988165680474 0.6360078277886497 0.4378698224852071 0.6027397260273972 0.41124260355029585 0.5694716242661448 0.40828402366863903 0.547945205479452 0.4230769230769231 0.538160469667319 0.4467455621301775 0.4774951076320939 0.4437869822485207 0.44422700587084146 0.47041420118343197 0.44227005870841485 0.4970414201183432 0.45401174168297453 0.5266272189349113 0.48140900195694714 0.5414201183431953 0.512720156555773 0.5828402366863905
0 0.8003913894324853 0.6124260355029586 0.8512720156555773 0.727810650887574 0.8493150684931506 0.6952662721893491 0.812133072407045 0.6035502958579881 0.7553816046966731 0.41124260355029585 0.7651663405088063 0.378698224852071 0.735812133072407 0.3431952662721893 0.7142857142857143 0.33727810650887574 0.7064579256360078 0.3520710059171598 0.6947162426614482 0.40828402366863903 0.735812133072407 0.4230769230769231 0.7475538160469667 0.4408284023668639 0.8003913894324853 0.6124260355029586
0 0.8101761252446184 0.7396449704142012 0.8140900195694716 0.7662721893491125 0.8258317025440313 0.757396449704142 0.821917808219178 0.7366863905325444 0.8101761252446184 0.7396449704142012
0 0.5870841487279843 0.7189349112426036 0.5694716242661448 0.7218934911242604 0.5655577299412916 0.7337278106508875 0.5831702544031311 0.7514792899408284 0.5929549902152642 0.7307692307692307 0.5870841487279843 0.7189349112426036
0 0.44031311154598823 0.7041420118343196 0.4344422700587084 0.727810650887574 0.45401174168297453 0.7396449704142012 0.45792563600782776 0.7130177514792899 0.44031311154598823 0.7041420118343196
0 0.21526418786692758 0.2485207100591716 0.19569471624266144 0.26627218934911245 0.19960861056751467 0.2869822485207101 0.2583170254403131 0.31952662721893493 0.23874755381604695 0.257396449704142 0.21526418786692758 0.2485207100591716
0 0.5322896281800391 0.28106508875739644 0.5283757338551859 0.30177514792899407 0.5440313111545988 0.3076923076923077 0.547945205479452 0.2869822485207101 0.5322896281800391 0.28106508875739644
0 0.837573385518591 0.3136094674556213 0.8414872798434442 0.3520710059171598 0.8688845401174168 0.3905325443786982 0.863013698630137 0.3431952662721893 0.837573385518591 0.2958579881656805 0.8003913894324853 0.1804733727810651 0.7984344422700587 0.17159763313609466 0.8180039138943248 0.15680473372781065 0.7906066536203522 0.09171597633136094 0.7632093933463796 0.05917159763313609 0.7416829745596869 0.05917159763313609 0.7338551859099804 0.07100591715976332 0.7377690802348337 0.10650887573964497 0.776908023483366 0.14792899408284024 0.786692759295499 0.17159763313609466 0.837573385518591 0.3136094674556213
0 0.5870841487279843 0.21893491124260356 0.5831702544031311 0.23668639053254437 0.5929549902152642 0.2455621301775148 0.6007827788649707 0.22781065088757396 0.5870841487279843 0.21893491124260356
0 0.50293542074364 0.10650887573964497 0.5009784735812133 0.12130177514792899 0.5088062622309197 0.1301775147928994 0.5146771037181996 0.11242603550295859 0.50293542074364 0.10650887573964497
0 0.5636007827788649 0.08284023668639054 0.5655577299412916 0.10355029585798817 0.5812133072407045 0.11538461538461539 0.5870841487279843 0.07988165680473373 0.5636007827788649 0.08284023668639054
0 0.461839530332681 0.011834319526627219 0.45792563600782776 0.026627218934911243 0.4657534246575342 0.029585798816568046 0.46966731898238745 0.014792899408284023 0.461839530332681 0.011834319526627219
0 0.5088062622309197 0.0621301775147929 0.5244618395303327 0.05917159763313609 0.5088062622309197 0.038461538461538464 0.5088062622309197 0.0621301775147929