0 0.39052287581699346 0.4068627450980392 0.39215686274509803 0.4264705882352941 0.3741830065359477 0.43137254901960786 0.3839869281045752 0.4632352941176471 0.36437908496732024 0.5024509803921569 0.36437908496732024 0.5147058823529411 0.37745098039215685 0.5171568627450981 0.39869281045751637 0.4950980392156863 0.42320261437908496 0.5098039215686274 0.4150326797385621 0.5465686274509803 0.41830065359477125 0.5588235294117647 0.4477124183006536 0.5563725490196079 0.4477124183006536 0.5637254901960784 0.4591503267973856 0.5637254901960784 0.47875816993464054 0.5318627450980392 0.4934640522875817 0.5269607843137255 0.5032679738562091 0.5269607843137255 0.511437908496732 0.5465686274509803 0.5212418300653595 0.5441176470588235 0.5228758169934641 0.5073529411764706 0.5359477124183006 0.5049019607843137 0.5326797385620915 0.4877450980392157 0.5555555555555556 0.45098039215686275 0.5931372549019608 0.45588235294117646 0.5816993464052288 0.4362745098039216 0.5669934640522876 0.42892156862745096 0.5718954248366013 0.40441176470588236 0.5833333333333334 0.39705882352941174 0.5849673202614379 0.38235294117647056 0.553921568627451 0.38480392156862747 0.5506535947712419 0.375 0.5245098039215687 0.3700980392156863 0.5212418300653595 0.3235294117647059 0.5147058823529411 0.3137254901960784 0.5081699346405228 0.3112745098039216 0.5049019607843137 0.3333333333333333 0.49673202614379086 0.34068627450980393 0.4738562091503268 0.34068627450980393 0.4444444444444444 0.3088235294117647 0.42320261437908496 0.3235294117647059 0.41013071895424835 0.3161764705882353 0.4019607843137255 0.3333333333333333 0.37254901960784315 0.3161764705882353 0.40522875816993464 0.3602941176470588 0.3954248366013072 0.3700980392156863 0.40032679738562094 0.3946078431372549 0.39052287581699346 0.4068627450980392
0 0.6895424836601307 0.18382352941176472 0.6748366013071896 0.15931372549019607 0.6519607843137255 0.17401960784313725 0.6503267973856209 0.18872549019607843 0.6584967320261438 0.20588235294117646 0.6895424836601307 0.20098039215686275 0.6895424836601307 0.18382352941176472
0 0.7091503267973857 0.30637254901960786 0.6895424836601307 0.29411764705882354 0.6879084967320261 0.32598039215686275 0.7238562091503268 0.3602941176470588 0.7271241830065359 0.3480392156862745 0.7091503267973857 0.30637254901960786
0 0.946078431372549 0.1053921568627451 0.9428104575163399 0.12990196078431374 0.9656862745098039 0.12990196078431374 0.9575163398692811 0.09803921568627451 0.946078431372549 0.1053921568627451
0 0.9901960784313726 0.11764705882352941 0.9803921568627451 0.125 0.9787581699346405 0.14705882352941177 0.9983660130718954 0.1568627450980392 0.9983660130718954 0.125 0.9901960784313726 0.11764705882352941
0 0.988562091503268 0.056372549019607844 0.988562091503268 0.07107843137254902 0.9983660130718954 0.0784313725490196 0.9983660130718954 0.049019607843137254 0.988562091503268 0.056372549019607844
0 0.32516339869281047 0.7352941176470589 0.30718954248366015 0.7352941176470589 0.2908496732026144 0.7622549019607843 0.28921568627450983 0.7696078431372549 0.31862745098039214 0.7769607843137255 0.33986928104575165 0.7671568627450981 0.32516339869281047 0.7352941176470589
0 0.673202614379085 0.7720588235294118 0.6895424836601307 0.7671568627450981 0.673202614379085 0.7549019607843137 0.673202614379085 0.7720588235294118
0 0.8431372549019608 0.6593137254901961 0.8366013071895425 0.6764705882352942 0.8578431372549019 0.6862745098039216 0.8611111111111112 0.6642156862745098 0.8431372549019608 0.6593137254901961
0 0.8839869281045751 0.6323529411764706 0.880718954248366 0.6470588235294118 0.8921568627450981 0.6519607843137255 0.8970588235294118 0.6372549019607843 0.8839869281045751 0.6323529411764706
0 0.25 0.3480392156862745 0.22712418300653595 0.34068627450980393 0.22058823529411764 0.34068627450980393 0.20751633986928106 0.36764705882352944 0.20751633986928106 0.3872549019607843 0.23529411764705882 0.39705882352941174 0.2581699346405229 0.37745098039215685 0.25 0.3480392156862745
0 0.5800653594771242 0.2622549019607843 0.5669934640522876 0.23039215686274508 0.5310457516339869 0.25245098039215685 0.5310457516339869 0.27450980392156865 0.5441176470588235 0.2867647058823529 0.5735294117647058 0.27941176470588236 0.5800653594771242 0.2622549019607843
0 0.09803921568627451 0.2181372549019608 0.09967320261437909 0.2034313725490196 0.0915032679738562 0.18137254901960784 0.07679738562091504 0.17647058823529413 0.07352941176470588 0.19852941176470587 0.08496732026143791 0.20588235294117646 0.08823529411764706 0.2181372549019608 0.09803921568627451 0.2181372549019608
0 0.15359477124183007 0.19607843137254902 0.13725490196078433 0.20833333333333334 0.14052287581699346 0.22303921568627452 0.16176470588235295 0.22549019607843138 0.16830065359477125 0.21568627450980393 0.15359477124183007 0.19607843137254902
0 0.08660130718954248 0.3946078431372549 0.09803921568627451 0.375 0.08823529411764706 0.3553921568627451 0.08986928104575163 0.3333333333333333 0.08169934640522876 0.30392156862745096 0.042483660130718956 0.30392156862745096 0.03104575163398693 0.3161764705882353 0.027777777777777776 0.34068627450980393 0.0392156862745098 0.3553921568627451 0.0457516339869281 0.39950980392156865 0.08660130718954248 0.3946078431372549
0 0.3137254901960784 0.6323529411764706 0.31209150326797386 0.6127450980392157 0.3055555555555556 0.6078431372549019 0.2826797385620915 0.6225490196078431 0.27941176470588236 0.6421568627450981 0.29411764705882354 0.6470588235294118 0.30718954248366015 0.6446078431372549 0.3137254901960784 0.6323529411764706
0 0.6895424836601307 0.02696078431372549 0.6879084967320261 0.049019607843137254 0.7058823529411765 0.04656862745098039 0.7026143790849673 0.02696078431372549 0.6895424836601307 0.02696078431372549