0 0.3289769530332681 0.8254942455621302 0.3317274227005871 0.8759659733727811 0.34703198043052835 0.8915758846153846 0.37441255185909983 0.893021426035503 0.4063192994129159 0.8680624733727811 0.4167810410958904 0.8390109615384616 0.40613925440313114 0.7910830029585799 0.4162160567514677 0.6939223550295859 0.4033701722113503 0.5718684497041421 0.4102618845401174 0.5278265443786982 0.41233562035225046 0.3532734142011834 0.4055370489236791 0.30850873668639056 0.4215494129158513 0.20870107100591714 0.40274312328767126 0.17514398816568047 0.40613310567514677 0.11315491124260356 0.3967641095890411 0.09489797928994083 0.3942122974559687 0.2901485532544379 0.3827944050880626 0.3605949526627219 0.3925234951076321 0.5328108224852071 0.38185686692759296 0.5707326656804734 0.3726430743639922 0.7153050088757396 0.3551530293542074 0.7943119822485206 0.3289769530332681 0.8254942455621302
0 0.42486486692759295 0.4042614023668639 0.42768363209393345 0.451776349112426 0.45499590802348333 0.45617866863905326 0.46923256360078275 0.4332472189349112 0.46795977299412916 0.4035761893491124 0.4448321956947162 0.3875532662721894 0.42486486692759295 0.4042614023668639
0 0.4422369295499021 0.4999108165680473 0.4435780156555773 0.5266250680473372 0.4762111839530333 0.5549913668639054 0.5369078864970647 0.5552354289940828 0.5461402896281801 0.5794059142011835 0.5673121135029353 0.5953255857988166 0.6006282465753425 0.5941241065088758 0.6344907495107632 0.5692684082840237 0.6310573150684932 0.5483644615384615 0.6593257397260274 0.5113718934911243 0.6569167514677103 0.44611628106508877 0.695013637964775 0.2379403698224852 0.7555551350293542 0.07535515976331361 0.7500976497064579 0.05730473668639054 0.7584670410958905 0.03406352662721893 0.746800808219178 0.030487233727810648 0.7366122544031312 0.04771163313609468 0.6998130019569472 0.19970876923076925 0.6356331780821918 0.35026036094674556 0.5146247084148728 0.4178813727810651 0.48237647749510765 0.45762421005917164 0.45465442465753425 0.4709625562130177 0.4422369295499021 0.4999108165680473
0 0.6924804363992172 0.601933775147929 0.7029173326810176 0.6587320650887575 0.7103988708414872 0.6739289644970414 0.7320487690802349 0.6691511923076923 0.7622046536203523 0.6352186568047337 0.7531771389432486 0.6021778372781066 0.8143333052837574 0.4129816301775148 0.8536098414872799 0.3232833313609468 0.8563168590998044 0.2908620295857988 0.8028036653620352 0.4034917781065089 0.7460370841487279 0.572197050295858 0.7338927749510763 0.5893181982248521 0.6924804363992172 0.601933775147929
0 0.8200453659491194 0.2504621153846154 0.8155191878669276 0.27686660650887573 0.8271854227005871 0.28044290236686387 0.8315750078277886 0.25995196449704144 0.8200453659491194 0.2504621153846154
0 0.5709132152641878 0.2698735443786982 0.5745515401174168 0.2819071597633136 0.5920850391389433 0.28579321301775146 0.5982254892367905 0.27427586390532543 0.5889247886497064 0.2530621538461539 0.5709132152641878 0.2698735443786982
0 0.4397410352250489 0.26886915088757396 0.445061927592955 0.2928331301775148 0.4628686125244618 0.28489207396449706 0.459571771037182 0.25807457100591713 0.4397410352250489 0.26886915088757396
0 0.1948742544031311 0.6970386597633136 0.19048466927592955 0.7175295976331361 0.20963244031311154 0.7363027928994083 0.2333063913894325 0.7286714940828403 0.25429816829745594 0.6676116952662722 0.1948742544031311 0.6970386597633136
0 0.5237825851272015 0.6996012662721893 0.5272160195694716 0.7205052159763314 0.5429986516634051 0.7154176834319527 0.539565217221135 0.6945137337278107 0.5237825851272015 0.6996012662721893
0 0.7285408062622309 0.9057966538461538 0.7238097397260275 0.9410714792899408 0.7313595733855186 0.9533116005917159 0.752872878669276 0.9544473846153846 0.78100471037182 0.9233683698224852 0.8098878043052837 0.8597648047337278 0.790671735812133 0.8439483875739644 0.7928323796477494 0.8351813076923078 0.8326552876712329 0.7218287869822485 0.8591728473581214 0.6758626331360947 0.8661328571428571 0.6288639526627219 0.8378644305283758 0.6658565207100592 0.8330650665362036 0.7040881213017751 0.778937205479452 0.8433288698224852 0.7686120587084149 0.8664668254437871 0.7285408062622309 0.9057966538461538
0 0.577041203522505 0.7675414556213018 0.5805429354207436 0.785488627218935 0.5944381095890411 0.7773410650887574 0.5870248688845402 0.7591873875739645 0.577041203522505 0.7675414556213018
0 0.49223592954990214 0.8785191597633136 0.4938502015655577 0.8934062988165681 0.505721324853229 0.8881122633136094 0.5002638395303327 0.8700618372781065 0.49223592954990214 0.8785191597633136
0 0.5563660665362036 0.8996671715976332 0.5539322367906067 0.9202613609467456 0.577333 0.924457174556213 0.5722852935420744 0.8886660857988167 0.5563660665362036 0.8996671715976332
0 0.44702383170254406 0.970864476331361 0.4505938590998043 0.9858548698224853 0.4584851761252446 0.9833111035502958 0.45491514872798433 0.9683207100591715 0.44702383170254406 0.970864476331361
0 0.4986930195694716 0.9380677218934911 0.49814664774951073 0.9617219437869823 0.5142707632093932 0.9418505236686391 0.4986930195694716 0.9380677218934911