0 0.3006777084148728 0.7863421686390533 0.29875519569471626 0.8369014230769231 0.3124738277886497 0.8555796035502958 0.3394548630136986 0.8627721301775149 0.37334871232876715 0.8447694704142013 0.386383 0.8182019082840237 0.3802568238747554 0.7685012751479289 0.3991797612524462 0.6744064142011834 0.39769465949119376 0.5508374704142012 0.408573614481409 0.5086742396449704 0.4266957964774951 0.3362561775147929 0.4240842348336595 0.2904966834319527 0.4491286418786693 0.19502944378698223 0.43359449706457925 0.15784196745562132 0.4426579412915851 0.09716944082840237 0.43506077886497063 0.07711888461538462 0.41455985518591 0.26993237573964496 0.396768084148728 0.3372907928994083 0.39054902348336595 0.5098777366863905 0.3764952759295499 0.545186198224852 0.35406243052837577 0.6864129289940828 0.32946954794520544 0.7609709881656804 0.3006777084148728 0.7863421686390533
0 0.4344093679060665 0.3893841923076923 0.4328266771037182 0.43702981360946747 0.4594678904109589 0.44713597337278105 0.47567697064579256 0.42742318047337274 0.47714795694716244 0.3977731035502958 0.455720457925636 0.3770399171597633 0.4344093679060665 0.3893841923076923
0 0.4428072857142857 0.48775794970414205 0.4416761193737769 0.5144943905325443 0.4713804207436399 0.5494508668639053 0.5314639608610567 0.5624635473372781 0.5383814814090019 0.5883413668639054 0.5578817651663405 0.6085608017751479 0.5909842700587083 0.6143809526627219 0.6268053365949119 0.5968920443786982 0.6253296457925637 0.5754691153846153 0.6567283444227006 0.5447844201183432 0.6603499569471625 0.4796570029585799 0.7172398845401174 0.2815228875739645 0.7921591056751467 0.13325828106508877 0.7884163776908023 0.11423523076923077 0.7988438082191781 0.0929811775147929 0.7876203268101761 0.08698503550295858 0.7759453209393347 0.10189806804733728 0.7255119804305284 0.24467316863905322 0.6480976066536204 0.38025574260355033 0.5220418767123287 0.42175768047337275 0.48644892563600783 0.45432850295857985 0.45776878864970644 0.46170413609467453 0.4428072857142857 0.48775794970414205
0 0.6812236360078278 0.6414409289940828 0.6863303502935421 0.6998824556213018 0.6923401154598826 0.7165056272189348 0.7142191409001957 0.7163296331360947 0.7472052348336594 0.6890723254437869 0.7413071741682975 0.6544536094674557 0.8192847808219178 0.4799663106508876 0.8664363287671233 0.3994049940828402 0.8721015675146772 0.3678687899408284 0.8087409412915851 0.4681429023668639 0.7369965107632094 0.6232622781065089 0.72339428962818 0.6376615591715976 0.6812236360078278 0.6414409289940828
0 0.8399021135029354 0.3202302810650888 0.8329892974559687 0.3454254674556213 0.8442127788649706 0.35142161242603553 0.8504459530332681 0.3320536893491124 0.8399021135029354 0.3202302810650888
0 0.59140756555773 0.2870337307692308 0.5939027181996086 0.2997157662721893 0.6109078473581213 0.30725316568047334 0.6180487788649707 0.29713989349112424 0.6107914383561643 0.27417570710059175 0.59140756555773 0.2870337307692308
0 0.46160440313111545 0.25843961242603547 0.4646674911937378 0.28328992899408284 0.4830319021526419 0.27917279881656804 0.4822358512720156 0.25192260355029583 0.46160440313111545 0.25843961242603547
0 0.17970516829745597 0.630920600591716 0.17347199217221135 0.650288523668639 0.19070523874755382 0.6729078372781065 0.21485129941291584 0.6703319644970415 0.24125969471624267 0.6142832041420119 0.17970516829745597 0.630920600591716
0 0.5051766829745596 0.7026627751479291 0.506652373776908 0.7240857071005917 0.522749747553816 0.7223684585798816 0.5212740567514677 0.700945526627219 0.5051766829745596 0.7026627751479291
0 0.7125701702544032 1 0.7392964833659491 0.9783734437869822 0.7737535636007828 0.9214660591715976 0.7561804990215264 0.9017603786982248 0.7591271761252446 0.8935332337278106 0.8089972857142856 0.7896628579881657 0.8394882289628179 0.7497235147928993 0.8507070039138943 0.7046466508875739 0.8193083052837573 0.7353313461538461 0.8110362074363993 0.7721810621301776 0.7446171976516635 0.8986778668639054 0.7322625518590998 0.9194181656804734 0.6889607318982388 0.9499339792899407 0.6810284559686889 0.9838700621301776 0.6873780410958904 0.9975796005917159 0.6964575851272016 1 0.7125701702544032 1
0 0.5516627045009784 0.7811477455621302 0.5534782152641878 0.7996570414201184 0.5679881937377691 0.7945124082840236 0.5623182485322896 0.7749756065088758 0.5516627045009784 0.7811477455621302
0 0.4574666086105675 0.8732018224852072 0.4576947240704501 0.8882837366863906 0.46993766536203524 0.8855389852071006 0.4661949373776908 0.8665159349112426 0.4574666086105675 0.8732018224852072
0 0.5190258395303327 0.9076374349112426 0.5147198806262231 0.9275191094674556 0.537506661448141 0.9365977662721894 0.53580285518591 0.9000929201183432 0.5190258395303327 0.9076374349112426
0 0.40419359099804303 0.9551355177514793 0.4063489236790606 0.9707311834319527 0.4143976105675147 0.9698725591715978 0.41224227788649703 0.9542768934911243 0.40419359099804303 0.9551355177514793
0 0.45837907045009785 0.9335294792899408 0.4556605068493151 0.9568385384615384 0.4734569823874756 0.9405531272189348 0.45837907045009785 0.9335294792899408