0 0.36742010947712417 0.47211045833333337 0.38142621732026144 0.5002194019607843 0.3676824526143791 0.544693181372549 0.36938107679738563 0.5566802843137255 0.38250704575163397 0.5550010049019608 0.40022716503267974 0.5267995833333333 0.4262397222222222 0.533540294117647 0.4233441944444445 0.5720495392156862 0.42823938071895423 0.5830174681372549 0.4566687026143791 0.5714474730392156 0.4576878774509804 0.5786397352941176 0.46887583986928105 0.5750726225490196 0.48363877941176475 0.5377911053921568 0.49734385294117645 0.5284099754901961 0.5069335359477124 0.5253524509803921 0.5176427369281046 0.5419838799019608 0.5268926944444444 0.5365289338235294 0.5233950996732025 0.5000580367647058 0.5358416192810458 0.4935839166666667 0.5302669836601307 0.47782114705882356 0.5475470343137255 0.4347256127450981 0.5849869330065359 0.42779994362745094 0.5710811699346405 0.4121876911764706 0.5556774722222222 0.4095817156862745 0.5570750620915033 0.3840787475490196 0.5672438513071896 0.37331937499999995 0.5668037810457517 0.35842526225490196 0.5367761781045752 0.37050484558823527 0.5322207173202614 0.3619343382352941 0.5059687810457516 0.3652928970588235 0.4963174460784314 0.32076108088235294 0.48856542483660137 0.3132097475490196 0.4818325784313725 0.31285067647058823 0.48169354248366014 0.3354466372549019 0.47472131535947715 0.34518683578431375 0.45234538888888887 0.3523210612745098 0.4191599183006536 0.33032716911764703 0.4004206225490196 0.3513363284313726 0.38661520424836604 0.34822076715686273 0.3810018774509804 0.36755064950980393 0.3498547549019608 0.35994127941176474 0.3879354133986928 0.39290310049019606 0.3797046307189542 0.405550306372549 0.3878967222222222 0.42799575 0.3800056633986928 0.44304037745098035 0.3843217450980392 0.46171015686274514 0.36742010947712417 0.47211045833333337
0 0.6034566535947712 0.13375142647058824 0.6038967238562091 0.14864553676470588 0.6142661993464051 0.16287954411764705 0.6439540767973856 0.14840254166666667 0.6415760032679739 0.1316205955882353 0.6237942287581699 0.11223267892156863 0.6034566535947712 0.13375142647058824
0 0.65968177124183 0.27118057843137255 0.699600089869281 0.2935335416666667 0.7010980261437909 0.28052726470588235 0.6777416160130719 0.24537657598039214 0.6568636274509804 0.23950452205882353 0.65968177124183 0.27118057843137255
0 0.919014864379085 0 0.9193757581699347 0.005462303921568627 0.939914022875817 0.008936936274509803 0.9386476192810458 0 0.919014864379085 0
0 0.33177068300653595 0.8217512009803922 0.33119157679738565 0.8294530490196079 0.36097979901960786 0.8274727377450981 0.38039854411764706 0.8112584166666666 0.36159759640522876 0.7846782377450982 0.3440165114379085 0.7902836985294117 0.33177068300653595 0.8217512009803922
0 0.7047491209150327 0.695315468137255 0.7071271944444445 0.712097411764706 0.7224305490196079 0.7022066960784314 0.7047491209150327 0.695315468137255
0 0.8758425049019608 0.570604306372549 0.8759815408496732 0.5480083480392156 0.8577210065359477 0.548818968137255 0.8537059591503268 0.567639262254902 0.8758425049019608 0.570604306372549
0 0.9046502434640522 0.5263390808823529 0.9074067352941178 0.5104257965686274 0.8939410408496732 0.5097076544117647 0.8927828300653595 0.5251113529411765 0.9046502434640522 0.5263390808823529
0 0.20461192810457515 0.43130712009803923 0.19556266013071896 0.4617554460784314 0.19828046078431372 0.4809348112745098 0.22681012745098036 0.48186150735294114 0.24646825326797386 0.45554791666666666 0.23440015032679737 0.429326806372549 0.21100505065359476 0.42926876960784316 0.20461192810457515 0.43130712009803923
0 0.49605510457516344 0.24817835784313727 0.49911262908496734 0.2697551446078431 0.5135974967320261 0.27766554656862746 0.5413473692810458 0.2613007107843137 0.5453624150326797 0.24248041666666667 0.5281597483660131 0.2153906495098039 0.49605510457516344 0.24817835784313727
0 0.05626565359477124 0.315732193627451 0.04120167973856209 0.3155236397058823 0.04106264379084967 0.3381195980392157 0.05326978267973856 0.3417447475490196 0.05816496732026144 0.3527126764705882 0.06775465032679738 0.3496551519607843 0.06731458006535948 0.33476104166666665 0.05626565359477124 0.315732193627451
0 0.10998939052287582 0.3412007181372549 0.13110675980392156 0.33697350245098034 0.13614098202614378 0.32534547058823526 0.11903865849673202 0.31075239215686273 0.10475447875816993 0.3278353700980392 0.10998939052287582 0.3412007181372549
0 0.07718956699346405 0.48696823039215686 0.07573032189542485 0.46488185784313724 0.06366222058823529 0.4386607475490196 0.02530349183006536 0.45089084558823533 0.015814153594771244 0.4664450612745098 0.016014841503267974 0.491438443627451 0.02924115522875817 0.5022558529411765 0.041749326797385626 0.5433710735294118 0.08102688562091503 0.5258365465686274 0.08949704901960784 0.503090068627451 0.07718956699346405 0.48696823039215686
0 0.3247525326797385 0.6661274166666666 0.30441495751633985 0.6876461642156864 0.30393619607843136 0.7078447034313725 0.31900016993464053 0.7080532573529412 0.33144668790849674 0.701579137254902 0.33614118464052284 0.6875536838235294 0.3318251045751634 0.668883906862745 0.3247525326797385 0.6661274166666666