0 0.4288908016877637 0.6079712 0.39829579324894515 0.6511250816901408 0.40554337974683546 0.673340833802817 0.4310543164556962 0.6892205380281691 0.5078462426160337 0.708134861971831 0.5390593966244726 0.688195076056338 0.5491978945147679 0.6651539661971831 0.5842291814345991 0.6347784647887323 0.6274649240506328 0.5664137971830986 0.6716778417721518 0.5732021070422535 0.6440533459915613 0.5164049014084506 0.6553282257383967 0.4591283154929578 0.6465852278481012 0.4192091605633803 0.6509715506329115 0.39165570704225355 0.635469552742616 0.36709728732394364 0.6464353607594937 0.2982136535211268 0.6297470253164557 0.2675588788732394 0.5962907531645569 0.26094355774647887 0.5692048016877637 0.282054676056338 0.5431756308016877 0.32362454647887323 0.549286835443038 0.3800757746478873 0.5301961772151899 0.43225434929577466 0.5029806687763713 0.467727861971831 0.42585002109704645 0.5322325549295774 0.39889363080168777 0.5389812788732394 0.3987640717299578 0.5533436732394367 0.41645922995780593 0.5641253633802816 0.42783402109704644 0.5875124478873239 0.4288908016877637 0.6079712
0 0.4393773565400844 0.2711271126760563 0.4673905274261604 0.284837138028169 0.49096741983122366 0.28576878309859155 0.5068580928270042 0.26724001971830985 0.4994309915611814 0.21905482535211268 0.4809881286919831 0.19942143380281688 0.490817552742616 0.16477327605633801 0.4547794430379747 0.215021861971831 0.45996342616033753 0.23665194647887325 0.45188853164556964 0.26027872112676054 0.44069325316455693 0.262861076056338 0.4393773565400844 0.2711271126760563
0 0.23888523628691982 0 0.23939676371308016 0.009902918309859154 0.25977367088607595 0.04448437464788732 0.307106970464135 0.07231710140845071 0.3410518312236287 0.11650891267605634 0.36449916666666665 0.13180295211267606 0.36300375316455696 0.11409954647887324 0.341749582278481 0.08502878028169014 0.3412609936708861 0.04745229295774648 0.3322588776371308 0.036257921126760566 0.2657849641350211 0.0202719323943662 0.25730460970464136 0 0.23888523628691982 0
0 0.5431569556962025 0.7843924732394367 0.53846155907173 0.8003388788732394 0.5497067932489451 0.8380883549295775 0.5703428185654008 0.8439450225352113 0.5849175949367089 0.8336822957746479 0.5868016814345992 0.8082985211267605 0.5754268902953587 0.7849114366197183 0.5431569556962025 0.7843924732394367
0 0.4534042510548523 0.4133400253521127 0.4535837658227848 0.4393094676056338 0.4686471308016878 0.4666232309859155 0.4815969367088608 0.4530194901408451 0.4622268523206751 0.39856495211267606 0.4355295780590718 0.37658889295774645 0.4534042510548523 0.4133400253521127
0 0.45875677848101265 0.09519769014084507 0.4469933101265823 0.11489778591549295 0.4514295886075949 0.12767616619718308 0.4688156751054852 0.12685080845070423 0.47026113080168774 0.10422238028169013 0.45875677848101265 0.09519769014084507
0 0.321004305907173 0.22889240563380284 0.2896116371308017 0.22286275211267606 0.3154316455696203 0.25034950422535207 0.3336949957805907 0.24401345633802815 0.321004305907173 0.22889240563380284
0 0.36060306540084386 0.7930587183098592 0.3463373628691983 0.8149284929577465 0.37373238607594933 0.8054244225352113 0.43282915400843885 0.8135570535211267 0.47448987974683543 0.7821832084507043 0.4034501308016878 0.7677812309859156 0.36060306540084386 0.7930587183098592
0 0.17696274894514769 0.8762922788732393 0.15382448945147678 0.8726052901408451 0.1461382700421941 0.8531448845070423 0.1321316835443038 0.8462898704225352 0.10228438185654008 0.8982954563380281 0.12292040717299578 0.904152123943662 0.1685787805907173 0.8883120056338027 0.17696274894514769 0.8762922788732393
0 0.18746027637130802 0.9051900535211267 0.1998418924050633 0.9087040535211268 0.24281851476793248 0.8690641718309859 0.19096933333333332 0.8831472901408451 0.18746027637130802 0.9051900535211267
0 0.21743713713080168 0.838822076056338 0.21480534388185654 0.8553541464788732 0.25396383544303797 0.8261499802816902 0.25571836497890293 0.8151286 0.244393529535865 0.8320733492957746 0.21743713713080168 0.838822076056338
0 0.2629159957805907 0.7970125154929577 0.2619091729957806 0.8168856 0.33109448312236284 0.7616452873239437 0.3138379556962025 0.7481082507042255 0.2926337405063291 0.7593693239436621 0.2629159957805907 0.7970125154929577
0 0.39602302953586493 0.7195960366197183 0.39633210126582274 0.7312030845070422 0.4128409219409283 0.7358884197183099 0.44506090084388183 0.6960755492957746 0.423547611814346 0.6957295718309859 0.39602302953586493 0.7195960366197183