0 0.5682437510548523 0.3887810112676056 0.5976921729957806 0.3442277464788732 0.5898683312236288 0.32236325352112677 0.5639578734177215 0.30768198591549295 0.48671834810126585 0.2923575492957746 0.4560453902953586 0.3137396676056338 0.44651531223628693 0.33723917464788733 0.4122993143459916 0.36922856619718314 0.37087681434599157 0.43956629577464784 0.3265133987341772 0.43484236338028165 0.3556056181434599 0.49031771830985915 0.3458346919831224 0.5480847999999999 0.3556157637130802 0.5875722309859155 0.35195229957805907 0.6153132957746479 0.36808675738396623 0.6391343887323944 0.35892809704641354 0.708487047887324 0.3764075147679325 0.7383455014084508 0.4100163164556962 0.7433977915492958 0.43653396835443037 0.7210373774647887 0.4614607383966245 0.6782799183098591 0.4538777447257384 0.6221478478873239 0.47159294092827003 0.5691114704225352 0.49786467088607594 0.532391371830986 0.5732623185654009 0.46433182535211265 0.6000258924050633 0.45633109295774643 0.599779970464135 0.4419714112676057 0.5818137827004219 0.43202085070422536 0.5698346329113924 0.4091780563380281 0.5682437510548523 0.3887810112676056
0 0.5665679493670885 0.7259085577464789 0.538213493670886 0.7135122478873239 0.514626611814346 0.7136798112676056 0.49922991983122367 0.7329377633802817 0.5079119514767932 0.7807475154929577 0.5268567552742616 0.7995095436619719 0.5179389451476794 0.8345946281690141 0.5526417151898735 0.7826973408450704 0.5468955253164557 0.7613219971830987 0.5543479493670885 0.7373333408450704 0.5654689092827004 0.734230876056338 0.5665679493670885 0.7259085577464789
0 0.7748454303797467 0.9980519295774647 0.7732545485232067 0.9776548845070422 0.7519861687763713 0.9440440253521126 0.7039542172995781 0.9184338985915493 0.6688749578059072 0.8758507746478874 0.6450421540084388 0.8616586591549296 0.6469993839662447 0.8792815971830986 0.669000453586498 0.9073442450704226 0.670470911392405 0.944875076056338 0.6797601413502109 0.9556431436619718 0.7466113987341771 0.9685218309859155 0.7582242025316456 0.9941387295774647 0.7748454303797467 0.9980519295774647
0 0.4494359388185654 0.21779180845070423 0.453711670886076 0.20163632112676055 0.44148659915611815 0.16443384507042252 0.42071006329113925 0.15954234647887322 0.4064124113924051 0.17047798028169014 0.405192947257384 0.19593408732394366 0.4171720970464135 0.21877688169014084 0.4494359388185654 0.21779180845070423
0 0.5488324662447257 0.5844359070422536 0.547974276371308 0.5584906507042253 0.532206164556962 0.5318954507042254 0.5196198185654008 0.5460943408450705 0.5404014261603376 0.5996130957746479 0.5676568438818566 0.620331723943662 0.5488324662447257 0.5844359070422536
0 0.5517987426160337 0.9026338563380282 0.5630401265822784 0.8823976056338028 0.5582725527426161 0.8698337295774649 0.5409186308016877 0.8714687436619718 0.5400655126582279 0.8941507436619719 0.5517987426160337 0.9026338563380282
0 0.6859728122362869 0.7626015633802816 0.7175039599156118 0.7671647042253522 0.6909812362869198 0.7408978647887323 0.6728946223628691 0.748081090140845 0.6859728122362869 0.7626015633802816
0 0.6316521054852321 0.20062415774647888 0.6453374894514768 0.17810294929577464 0.6182075696202532 0.18887779154929576 0.5589342341772151 0.18350391549295775 0.5181189282700421 0.2167999633802817 0.5894918396624472 0.22788284507042253 0.6316521054852321 0.20062415774647888
0 0.8130050105485231 0.10888399436619718 0.8362255443037975 0.11149053521126762 0.8444157341772152 0.13058092112676056 0.8585929620253165 0.13677907605633804 0.8870627700421941 0.08341434084507042 0.8662862362869199 0.07852284507042254 0.8210697025316456 0.09648091267605634 0.8130050105485231 0.10888399436619718
0 0.801758552742616 0.08049298873239437 0.7892926329113924 0.07755809014084507 0.747378289029536 0.11917645633802817 0.7988277827004219 0.10268583943661973 0.801758552742616 0.08049298873239437
0 0.7735346666666667 0.1482174056338028 0.7757327447257384 0.13157276619718308 0.7373614388185654 0.16258385915492957 0.735896052742616 0.17368028450704226 0.7467710928270042 0.15621813802816903 0.7735346666666667 0.1482174056338028
0 0.72917632278481 0.1921207295774648 0.7296630928270041 0.1722128338028169 0.6619637911392404 0.23064340563380284 0.6795636329113924 0.24336807323943663 0.7004605928270042 0.23112578309859158 0.72917632278481 0.1921207295774648
0 0.5981738713080169 0.27569259436619714 0.5975616033755273 0.26410701971830985 0.5809403755274262 0.2601938197183099 0.5497806455696203 0.30148383098591547 0.5712898734177215 0.30082711549295776 0.5981738713080169 0.27569259436619714