0 0.5963884514767933 0.5539457310126582 0.5926319198312237 0.5820425569620252 0.6083420949367089 0.6031641202531646 0.6314605379746836 0.6061980221518987 0.6769876540084389 0.5518164240506329 0.6504013502109705 0.5356208449367089 0.6490351645569621 0.5227349746835442 0.6211617510548524 0.528607 0.5963884514767933 0.5539457310126582
0 0.4625632911392405 0.41567094303797464 0.4151974451476793 0.5015776867088607 0.46398282700421944 0.5365697436708861 0.5003677447257384 0.49369497151898734 0.5116373438818566 0.40940449683544305 0.4625632911392405 0.41567094303797464
0 0.2034263776371308 0.35625046835443036 0.207078111814346 0.3662596329113924 0.22234146624472573 0.35873275316455694 0.23140459071729957 0.31227245569620254 0.26558303375527426 0.30722786075949365 0.2858643080168777 0.32259601265822785 0.3120037911392405 0.31014315189873415 0.317862 0.28232213607594936 0.2841560991561181 0.2429557151898734 0.2734638438818565 0.2447291835443038 0.24987285864978903 0.2861062974683544 0.22583505063291137 0.29883496835443035 0.2034263776371308 0.35625046835443036
0 0.46663421729957805 0.27325615506329115 0.4743054303797468 0.2869694525316456 0.5417429556962026 0.292642835443038 0.5504383312236286 0.2524875696202532 0.5328103523206751 0.22793768037974682 0.4770635253164557 0.23968172784810124 0.46663421729957805 0.27325615506329115
0 0.8301451898734177 0.2860176930379747 0.8286742067510549 0.31123781012658225 0.8427552489451476 0.28767254746835447 0.8301451898734177 0.2860176930379747
0 0.8550766371308017 0.3305859082278481 0.859070394514768 0.4073495 0.8783532299578058 0.40352675632911394 0.9119009810126583 0.3729862310126582 0.9263497679324895 0.3431159398734177 0.8867065843881856 0.2966170601265823 0.8737287784810127 0.3012672341772152 0.8550766371308017 0.3305859082278481
0 1 0.29203273734177215 0.9862208755274262 0.2969700379746836 0.9895048628691984 0.31328423101265823 1 0.3102397278481013 1 0.29203273734177215
0 0.808234782700422 0.22596271202531645 0.7985409662447257 0.24692707911392406 0.8134365759493671 0.24570523101265823 0.808234782700422 0.22596271202531645
0 0.4032476139240506 0.9606230094936709 0.4229772700421941 0.9854487056962026 0.45523791139240505 0.9769757848101267 0.4588105696202532 0.9520314746835443 0.4234498143459916 0.9410376867088608 0.4060847827004219 0.9482887563291139 0.4032476139240506 0.9606230094936709
0 0.6098737405063291 1 0.6172508797468355 0.9950605886075949 0.6082134789029535 0.968461420886076 0.5952356751054853 0.9731115949367088 0.596900111814346 1 0.6098737405063291 1
0 0.6460160295358649 0.7923535949367089 0.645096664556962 0.8081161708860759 0.6584422151898734 0.7971609651898733 0.6460160295358649 0.7923535949367089
0 0.6582326202531645 0.8733729430379747 0.6573132552742617 0.8891355158227847 0.6720249915611815 0.8910661803797468 0.6792493860759493 0.8761310348101267 0.6582326202531645 0.8733729430379747
0 0.7463172573839663 0.6339775917721518 0.7408267932489452 0.6554935791139241 0.7654162194092827 0.6333073607594937 0.7463172573839663 0.6339775917721518
0 0.6269685126582278 0.6469049050632911 0.6325380506329114 0.6603423924050633 0.6539225632911392 0.6567954556962025 0.6594130253164557 0.6352794715189873 0.6341929071729958 0.631969759493671 0.6269685126582278 0.6469049050632911
0 0.6729167278481013 0.6942312120253165 0.6762007151898735 0.7105454050632912 0.7103791603375528 0.7055008101265823 0.7341540189873418 0.6609711803797469 0.6797733755274261 0.6856010949367088 0.6729167278481013 0.6942312120253165
0 0.7671758734177215 0.5668287405063291 0.7618692827004219 0.5851922120253165 0.7880878417721519 0.6076928227848102 0.8210048987341771 0.5516563702531645 0.7838054135021097 0.5721877310126582 0.7671758734177215 0.5668287405063291
0 0.024603808016877636 0.8442229018987341 0.01929721729957806 0.8625863702531645 0.03382508016877637 0.8676695506329114 0.0410494746835443 0.8527344050632911 0.024603808016877636 0.8442229018987341
0 0.07714572151898735 0.8511181329113924 0.07183913080168777 0.8694816044303798 0.09477370042194093 0.8756680221518988 0.09779474261603376 0.8601812563291139 0.07714572151898735 0.8511181329113924
0 0.14605232278481015 0.5774395443037975 0.14513295780590715 0.5932021170886076 0.16459966666666667 0.5862268575949368 0.14605232278481015 0.5774395443037975
0 0.15845278691983122 0.6553063734177216 0.16155290295358649 0.674773082278481 0.17626463713080168 0.676703746835443 0.17736787552742617 0.6577886582278482 0.15845278691983122 0.6553063734177216
0 0.19123932278481015 0.7104353702531646 0.19927828270042192 0.7178436392405063 0.2181933713080169 0.7203259208860759 0.2210305400843882 0.707991670886076 0.20056539240506327 0.6957760348101266 0.19123932278481015 0.7104353702531646
0 0.025784213080168775 0.6061294303797469 0.024864850210970464 0.621892003164557 0.04031207594936709 0.6112126107594936 0.025784213080168775 0.6061294303797469
0 0.043726586497890296 0.5163613544303798 0.04527664556962026 0.5260947088607595 0.05788670464135021 0.5277495632911393 0.05688826582278481 0.5085586645569621 0.043726586497890296 0.5163613544303798
0 0.055310578059071726 0.317752917721519 0.056492890295358644 0.33379130063291135 0.06928682278481013 0.33229364240506326 0.0681045105485232 0.3162552594936709 0.055310578059071726 0.317752917721519
0 0.7595799219409283 0.0798052088607595 0.7542733312236287 0.09816867721518988 0.7728206751054852 0.10695599050632912 0.7828822362869199 0.07968659493670886 0.7595799219409283 0.0798052088607595
0 0.6794275400843882 0.11058295569620254 0.6828954029535865 0.12374463291139241 0.701994364978903 0.12307440189873418 0.7051992784810126 0.10443512341772153 0.6862841898734177 0.10195283860759495 0.6794275400843882 0.11058295569620254
0 0.7292389915611814 0.3458383069620253 0.7391957552742616 0.3566748987341772 0.7560091687763713 0.3588813734177215 0.7593979535864979 0.3370895759493671 0.7292389915611814 0.3458383069620253
0 0.5411398902953587 0.44821930063291143 0.5402205253164557 0.4639818734177215 0.5745828417721519 0.45578476265822787 0.5709311075949367 0.44577560126582283 0.5411398902953587 0.44821930063291143
0 0.9141369894514768 0.7703603006329114 0.9044431729957807 0.791324667721519 0.9289278016877637 0.8072444398734178 0.9468444514767932 0.7905358259493671 0.9141369894514768 0.7703603006329114
0 0.8044029873417722 0.7273697753164557 0.794709170886076 0.7483341424050634 0.8055852995780591 0.7434081582278481 0.8044029873417722 0.7273697753164557
0 0.8267049578059072 0.4539284082278481 0.8278872700421941 0.46996679113924045 0.8433344957805907 0.4592873987341772 0.8440699873417722 0.4466773386075949 0.8267049578059072 0.4539284082278481
0 0.7375151772151899 0.45810699050632914 0.7450025189873417 0.47497280379746837 0.7579803227848101 0.4703226297468354 0.7545124620253165 0.45716095253164557 0.7375151772151899 0.45810699050632914
0 0.7621084135021098 0.9441844841772152 0.7611890485232068 0.9599470601265824 0.7766362763713079 0.9492676645569621 0.7621084135021098 0.9441844841772152
0 0.8502740316455697 0.9938744620253164 0.8649857679324895 0.9958051297468354 0.8681906814345991 0.9771658481012657 0.8511933966244726 0.9781118892405063 0.8502740316455697 0.9938744620253164
0 0.22665343037974683 0.8294420917721519 0.2192451624472574 0.847529753164557 0.23358915400843883 0.8557654493670885 0.23871187130801688 0.8405544936708862 0.22665343037974683 0.8294420917721519
0 0.30622656329113923 0.627049493670886 0.30759274894514765 0.6399353639240506 0.32057055274261603 0.6352851898734178 0.31920436919831224 0.6223993196202532 0.30622656329113923 0.627049493670886
0 0.39733224050632915 0.37216737974683545 0.40098397679324893 0.38217654430379744 0.40975842827004216 0.37697474999999997 0.40857611603375527 0.3609363670886076 0.39733224050632915 0.37216737974683545
0 0.3820155337552743 0.27168132594936706 0.3944417215189873 0.27648869620253164 0.39499333966244726 0.26703115189873416 0.3820155337552743 0.27168132594936706
0 0.495452717299578 0.17856209493670885 0.497002776371308 0.1882954493670886 0.5086143966244726 0.1707594082278481 0.495452717299578 0.17856209493670885
0 0.5158387911392405 0.15582425949367087 0.5242454957805908 0.15692749683544305 0.5291843417721519 0.14486905696202532 0.5209615084388186 0.14061330379746836 0.5158387911392405 0.15582425949367087
0 0.3978876729957806 0.8709735443037975 0.4057427594936709 0.8815343259493671 0.410865476793249 0.8663233702531646 0.3978876729957806 0.8709735443037975
0 0.12338260759493672 0.8571859398734178 0.11387266244725738 0.8749977911392405 0.12456491983122363 0.8732243227848102 0.12338260759493672 0.8571859398734178
0 0.2590684071729958 0.3826124082278481 0.2604345928270042 0.39549827848101266 0.28473534810126583 0.4145705632911393 0.29561147679324895 0.409644582278481 0.2699445358649789 0.37768642721518986 0.2590684071729958 0.3826124082278481
0 0.059695898734177216 0.061020167721518984 0.05649098312236287 0.07965944620253164 0.06836555274261602 0.09392436392405062 0.059695898734177216 0.061020167721518984