0 0.6518987341772152 0.48417721518987344 0.679324894514768 0.47151898734177217 0.6371308016877637 0.41139240506329117 0.6139240506329114 0.41139240506329117 0.5970464135021097 0.43037974683544306 0.5991561181434599 0.4588607594936709 0.6223628691983122 0.4873417721518987 0.6497890295358649 0.49683544303797467 0.6518987341772152 0.48417721518987344
0 0.46624472573839665 0.4588607594936709 0.41561181434599154 0.4873417721518987 0.4578059071729958 0.5791139240506329 0.5063291139240507 0.5917721518987342 0.5 0.5063291139240507 0.46624472573839665 0.4588607594936709
0 0.25949367088607594 0.7246835443037974 0.270042194092827 0.7278481012658228 0.3059071729957806 0.6930379746835443 0.30168776371308015 0.6645569620253164 0.27637130801687765 0.6487341772151899 0.2552742616033755 0.6613924050632911 0.22151898734177214 0.6518987341772152 0.21518987341772153 0.6044303797468354 0.20042194092827004 0.5949367088607594 0.1962025316455696 0.6044303797468354 0.21518987341772153 0.6645569620253164 0.23839662447257384 0.680379746835443 0.25949367088607594 0.7246835443037974
0 0.5358649789029536 0.7531645569620253 0.5295358649789029 0.7120253164556962 0.4620253164556962 0.7088607594936709 0.45358649789029537 0.7215189873417721 0.4620253164556962 0.7563291139240507 0.5168776371308017 0.7753164556962026 0.5358649789029536 0.7531645569620253
0 0.8164556962025317 0.7563291139240507 0.8291139240506329 0.7563291139240507 0.8164556962025317 0.7310126582278481 0.8164556962025317 0.7563291139240507
0 0.9156118143459916 0.7120253164556962 0.9029535864978903 0.680379746835443 0.8713080168776371 0.6455696202531646 0.8523206751054853 0.6392405063291139 0.8438818565400844 0.7151898734177216 0.8607594936708861 0.7468354430379747 0.8734177215189873 0.7531645569620253 0.9156118143459916 0.7120253164556962
0 0.9767932489451476 0.75 0.9725738396624473 0.7658227848101266 0.9915611814345991 0.7753164556962026 0.9915611814345991 0.7563291139240507 0.9767932489451476 0.75
0 0.7911392405063291 0.8132911392405063 0.7974683544303798 0.7943037974683544 0.7827004219409283 0.7911392405063291 0.7911392405063291 0.8132911392405063
0 0.48523206751054854 0.04430379746835443 0.4831223628691983 0.0189873417721519 0.45147679324894513 0.006329113924050633 0.43037974683544306 0.028481012658227847 0.43248945147679324 0.04113924050632911 0.44936708860759494 0.05063291139240506 0.48523206751054854 0.04430379746835443
0 0.6265822784810127 0.006329113924050633 0.6223628691983122 0.04113924050632911 0.6350210970464135 0.04746835443037975 0.6455696202531646 0.022151898734177215 0.6265822784810127 0.006329113924050633
0 0.6624472573839663 0.22784810126582278 0.6751054852320675 0.22468354430379747 0.6624472573839663 0.2120253164556962 0.6624472573839663 0.22784810126582278
0 0.679324894514768 0.13291139240506328 0.679324894514768 0.14873417721518986 0.70042194092827 0.14873417721518986 0.6940928270042194 0.13291139240506328 0.679324894514768 0.13291139240506328
0 0.7531645569620253 0.3987341772151899 0.7721518987341772 0.40189873417721517 0.7489451476793249 0.37658227848101267 0.7531645569620253 0.3987341772151899
0 0.6624472573839663 0.3639240506329114 0.6413502109704642 0.3575949367088608 0.6350210970464135 0.370253164556962 0.6413502109704642 0.3860759493670886 0.6666666666666666 0.3860759493670886 0.6624472573839663 0.3639240506329114
0 0.7215189873417721 0.3227848101265823 0.6877637130801688 0.31329113924050633 0.6835443037974683 0.3291139240506329 0.689873417721519 0.33860759493670883 0.7426160337552743 0.370253164556962 0.7215189873417721 0.3227848101265823
0 0.7932489451476793 0.43037974683544306 0.7658227848101266 0.44936708860759494 0.770042194092827 0.46835443037974683 0.7869198312236287 0.4651898734177215 0.8227848101265823 0.49050632911392406 0.7932489451476793 0.43037974683544306
0 0.04219409282700422 0.0759493670886076 0.046413502109704644 0.0949367088607595 0.06329113924050633 0.08860759493670886 0.056962025316455694 0.07278481012658228 0.04219409282700422 0.0759493670886076
0 0.0949367088607595 0.0759493670886076 0.09915611814345991 0.0949367088607595 0.12025316455696203 0.08860759493670886 0.11814345991561181 0.07278481012658228 0.0949367088607595 0.0759493670886076
0 0.1518987341772152 0.37658227848101267 0.17088607594936708 0.370253164556962 0.1518987341772152 0.36075949367088606 0.1518987341772152 0.37658227848101267
0 0.1729957805907173 0.28164556962025317 0.16877637130801687 0.30063291139240506 0.1877637130801688 0.30063291139240506 0.1877637130801688 0.28164556962025317 0.1729957805907173 0.28164556962025317
0 0.2320675105485232 0.24367088607594936 0.21308016877637131 0.24367088607594936 0.20464135021097046 0.25 0.21308016877637131 0.26582278481012656 0.23417721518987342 0.2563291139240506 0.2320675105485232 0.24367088607594936
0 0.03375527426160337 0.3322784810126582 0.04852320675105485 0.3291139240506329 0.03375527426160337 0.31645569620253167 0.03375527426160337 0.3322784810126582
0 0.04852320675105485 0.41455696202531644 0.046413502109704644 0.4240506329113924 0.05907172995780591 0.43354430379746833 0.06118143459915612 0.41455696202531644 0.04852320675105485 0.41455696202531644
0 0.04852320675105485 0.6075949367088608 0.046413502109704644 0.6234177215189873 0.05907172995780591 0.6265822784810127 0.06118143459915612 0.6107594936708861 0.04852320675105485 0.6075949367088608
0 0.729957805907173 0.9335443037974683 0.7341772151898734 0.9525316455696202 0.7573839662447257 0.9556962025316456 0.7489451476793249 0.9272151898734177 0.729957805907173 0.9335443037974683
0 0.679324894514768 0.9018987341772152 0.6603375527426161 0.8987341772151899 0.6561181434599156 0.9113924050632911 0.6624472573839663 0.9208860759493671 0.6814345991561181 0.9208860759493671 0.679324894514768 0.9018987341772152
0 0.729957805907173 0.6740506329113924 0.7194092827004219 0.6835443037974683 0.7489451476793249 0.6962025316455697 0.7468354430379747 0.6740506329113924 0.729957805907173 0.6740506329113924
0 0.5379746835443038 0.5411392405063291 0.5379746835443038 0.5569620253164557 0.5675105485232067 0.5632911392405063 0.5717299578059072 0.5537974683544303 0.5379746835443038 0.5411392405063291
0 0.919831223628692 0.2626582278481013 0.9282700421940928 0.2848101265822785 0.9620253164556962 0.2689873417721519 0.9451476793248945 0.25 0.919831223628692 0.2626582278481013
0 0.8164556962025317 0.31329113924050633 0.8185654008438819 0.2974683544303797 0.8080168776371308 0.2911392405063291 0.8164556962025317 0.31329113924050633
0 0.8248945147679325 0.5727848101265823 0.8227848101265823 0.5886075949367089 0.8396624472573839 0.5981012658227848 0.8396624472573839 0.5854430379746836 0.8248945147679325 0.5727848101265823
0 0.7426160337552743 0.5569620253164557 0.7341772151898734 0.5727848101265823 0.7510548523206751 0.5759493670886076 0.7552742616033755 0.5632911392405063 0.7426160337552743 0.5569620253164557
0 0.7869198312236287 0.09177215189873418 0.8016877637130801 0.08860759493670886 0.7869198312236287 0.0759493670886076 0.7869198312236287 0.09177215189873418
0 0.8924050632911392 0.05379746835443038 0.8776371308016878 0.05379746835443038 0.8776371308016878 0.06962025316455696 0.8945147679324894 0.07278481012658228 0.8924050632911392 0.05379746835443038
0 0.9409282700421941 0.028481012658227847 0.9409282700421941 0.04746835443037975 0.9578059071729957 0.05063291139240506 0.9535864978902954 0.03164556962025317 0.9409282700421941 0.028481012658227847
0 0.24050632911392406 0.11708860759493671 0.2468354430379747 0.1360759493670886 0.25949367088607594 0.12658227848101267 0.2552742616033755 0.11075949367088607 0.24050632911392406 0.11708860759493671
0 0.31645569620253167 0.33544303797468356 0.3143459915611814 0.34810126582278483 0.3270042194092827 0.35443037974683544 0.3291139240506329 0.34177215189873417 0.31645569620253167 0.33544303797468356
0 0.39451476793248946 0.6044303797468354 0.39029535864978904 0.6139240506329114 0.4008438818565401 0.6265822784810127 0.4029535864978903 0.6107594936708861 0.39451476793248946 0.6044303797468354
0 0.3691983122362869 0.7120253164556962 0.3818565400843882 0.7183544303797469 0.3818565400843882 0.7088607594936709 0.3691983122362869 0.7120253164556962
0 0.4767932489451477 0.819620253164557 0.48945147679324896 0.8291139240506329 0.47890295358649787 0.810126582278481 0.4767932489451477 0.819620253164557
0 0.5042194092827004 0.8449367088607594 0.4957805907172996 0.8449367088607594 0.5 0.8607594936708861 0.5084388185654009 0.8575949367088608 0.5042194092827004 0.8449367088607594
0 0.41983122362869196 0.11708860759493671 0.43248945147679324 0.12341772151898735 0.4282700421940928 0.10759493670886076 0.41983122362869196 0.11708860759493671
0 0.14556962025316456 0.0949367088607595 0.14767932489451477 0.07911392405063292 0.1371308016877637 0.0759493670886076 0.14556962025316456 0.0949367088607595
0 0.2805907172995781 0.5569620253164557 0.2552742616033755 0.5727848101265823 0.25316455696202533 0.5854430379746836 0.26371308016877637 0.5917721518987342 0.2911392405063291 0.5632911392405063 0.2805907172995781 0.5569620253164557
0 0.035864978902953586 0.879746835443038 0.046413502109704644 0.8481012658227848 0.03375527426160337 0.8607594936708861 0.035864978902953586 0.879746835443038