0 0.4092827004219409 0.4197183098591549 0.40717299578059074 0.43380281690140843 0.43248945147679324 0.447887323943662 0.4978902953586498 0.532394366197183 0.5189873417721519 0.5746478873239437 0.5295358649789029 0.6309859154929578 0.5147679324894515 0.6845070422535211 0.5337552742616034 0.7323943661971831 0.5569620253164557 0.7605633802816901 0.5907172995780591 0.7633802816901408 0.6118143459915611 0.7380281690140845 0.6118143459915611 0.6676056338028169 0.630801687763713 0.647887323943662 0.630801687763713 0.6197183098591549 0.6455696202531646 0.5830985915492958 0.6434599156118144 0.523943661971831 0.679324894514768 0.476056338028169 0.6350210970464135 0.4704225352112676 0.6033755274261603 0.39154929577464787 0.5738396624472574 0.352112676056338 0.5675105485232067 0.3267605633802817 0.540084388185654 0.29859154929577464 0.4620253164556962 0.29577464788732394 0.4345991561181435 0.30422535211267604 0.4240506329113924 0.323943661971831 0.4472573839662447 0.37464788732394366 0.4430379746835443 0.39436619718309857 0.4282700421940928 0.4140845070422535 0.4092827004219409 0.4197183098591549
0 0.41983122362869196 0.7464788732394366 0.41139240506329117 0.7661971830985915 0.4388185654008439 0.8253521126760563 0.4345991561181435 0.7887323943661971 0.45569620253164556 0.7746478873239436 0.4704641350210971 0.7295774647887324 0.4578059071729958 0.7070422535211267 0.4345991561181435 0.7014084507042253 0.4050632911392405 0.7070422535211267 0.4050632911392405 0.7154929577464789 0.41561181434599154 0.7211267605633803 0.41983122362869196 0.7464788732394366
0 0.26371308016877637 0.9070422535211268 0.2742616033755274 0.8985915492957747 0.2805907172995781 0.8619718309859155 0.3059071729957806 0.8394366197183099 0.310126582278481 0.8225352112676056 0.2848101265822785 0.8309859154929577 0.24472573839662448 0.8647887323943662 0.1940928270042194 0.8788732394366198 0.16877637130801687 0.9070422535211268 0.16455696202531644 0.9267605633802817 0.18143459915611815 0.9267605633802817 0.1962025316455696 0.9042253521126761 0.26371308016877637 0.9070422535211268
0 0.6350210970464135 0.19718309859154928 0.6223628691983122 0.18309859154929578 0.6012658227848101 0.18309859154929578 0.5843881856540084 0.21690140845070421 0.5864978902953587 0.23380281690140844 0.6181434599156118 0.24225352112676057 0.6329113924050633 0.22253521126760564 0.6350210970464135 0.19718309859154928
0 0.47468354430379744 0.5408450704225352 0.4641350210970464 0.523943661971831 0.4451476793248945 0.5464788732394367 0.4409282700421941 0.571830985915493 0.4177215189873418 0.6028169014084507 0.4472573839662447 0.5887323943661972 0.47468354430379744 0.5408450704225352
0 0.39451476793248946 0.8507042253521127 0.3881856540084388 0.8619718309859155 0.39662447257383965 0.8845070422535212 0.4092827004219409 0.8788732394366198 0.41139240506329117 0.856338028169014 0.39451476793248946 0.8507042253521127
0 0.2510548523206751 0.7126760563380282 0.28270042194092826 0.7154929577464789 0.2974683544303797 0.704225352112676 0.2805907172995781 0.6929577464788732 0.2510548523206751 0.7126760563380282
0 0.4831223628691983 0.17464788732394365 0.4240506329113924 0.16619718309859155 0.3987341772151899 0.14929577464788732 0.4092827004219409 0.17464788732394365 0.4472573839662447 0.2112676056338028 0.5189873417721519 0.21690140845070421 0.4831223628691983 0.17464788732394365
0 0.1729957805907173 0 0.1940928270042194 0.059154929577464786 0.2088607594936709 0.056338028169014086 0.21940928270042195 0.03943661971830986 0.24261603375527427 0.04225352112676056 0.23628691983122363 0.028169014084507043 0.1940928270042194 0 0.1729957805907173 0
0 0.270042194092827 0.016901408450704224 0.25738396624472576 0.016901408450704224 0.25738396624472576 0.03943661971830986 0.3059071729957806 0.0676056338028169 0.270042194092827 0.016901408450704224
0 0.310126582278481 0.11267605633802817 0.27637130801687765 0.07323943661971831 0.27637130801687765 0.09014084507042254 0.30168776371308015 0.10422535211267606 0.310126582278481 0.12394366197183099 0.310126582278481 0.11267605633802817
0 0.3755274261603376 0.19718309859154928 0.31645569620253167 0.12394366197183099 0.3143459915611814 0.14366197183098592 0.33755274261603374 0.18873239436619718 0.35654008438818563 0.2056338028169014 0.3755274261603376 0.19718309859154928
0 0.45147679324894513 0.24507042253521127 0.4345991561181435 0.24507042253521127 0.43248945147679324 0.2563380281690141 0.45569620253164556 0.28732394366197184 0.4767932489451477 0.29295774647887324 0.45147679324894513 0.24507042253521127