0 0.53730282875 0.5058400938086304 0.53291343125 0.5165637354596623 0.51320742625 0.5102093602251407 0.5142816324999999 0.5348338311444654 0.50354183125 0.5899237110694183 0.4964440575 0.6040583808630394 0.49387623625000004 0.669638061913696 0.50095877 0.6988181951219512 0.5258636375 0.7020885797373358 0.54785748 0.6691932570356472 0.5541457900000001 0.6474189343339587 0.55562416375 0.6005295853658537 0.5509231725 0.5735455234521576 0.5748768900000001 0.3563403114446529 0.56570916625 0.4059866135084428 0.554221995 0.43084492307692307 0.54944367 0.46976758348968106 0.5516541737499999 0.4964246060037523 0.53730282875 0.5058400938086304
0 0.4482848625 0.6768346041275797 0.43983289999999997 0.6926747861163226 0.43863450875 0.7132341519699812 0.44453389125000004 0.7196588480300188 0.45525845125 0.7078837692307692 0.45770208625000003 0.6874879230769231 0.4482848625 0.6768346041275797
0 0.47759211 0.32473196247654784 0.46660281 0.31952222326454033 0.46314706125 0.29270168105065664 0.45718558625 0.30886890243902443 0.44381474249999997 0.30146309193245774 0.43807115625000004 0.31389224765478424 0.4002018725 0.5330368142589119 0.40879438999999995 0.5793652851782364 0.41913002374999997 0.5957892232645403 0.4313645675 0.6011624821763603 0.44528013375000003 0.5992231257035647 0.45871307 0.5840370206378988 0.47762485125 0.5394369399624765 0.4827921025 0.47231526266416507 0.49423242375 0.4267340675422139 0.4890956525 0.407226138836773 0.48016106000000003 0.40981957223264537 0.47447956625000004 0.399656808630394 0.48582618375000003 0.31262984427767354 0.4824172875 0.30653218761726075 0.47759211 0.32473196247654784
0 0.37794328875 0.548947320825516 0.36575559625 0.5642969455909943 0.364339315 0.5885943771106942 0.37635597 0.5977057016885553 0.3845900425 0.5856035853658537 0.38611526875 0.5594371200750469 0.37794328875 0.548947320825516
0 0.25618603125 0.05459057973733584 0.19230493375 0.031135315196998126 0.19748855625 0.07136612757973733 0.21123308500000001 0.09388772420262664 0.23467482 0.10073265478424015 0.2503803525 0.08961165290806754 0.2574781275 0.07547698311444653 0.25618603125 0.05459057973733584
0 0.5234787075 0.24789063602251407 0.53062333375 0.25447884990619135 0.54951987375 0.25319357223264544 0.54958196625 0.23060165478424013 0.5133141125 0.20700574671669794 0.5234787075 0.24789063602251407
0 0.62762813125 0.31241718386491557 0.6321264737500001 0.29982451031894936 0.61783722125 0.28664808067542213 0.61475516 0.2749433227016886 0.5927765575 0.26452384427767356 0.5882161225 0.29970843714821765 0.59280816875 0.32856153095684804 0.603906415 0.33190223639774863 0.62762813125 0.31241718386491557
0 0.67596288 0.8178491744840526 0.6816443737500001 0.8280119380863039 0.6903610775 0.8291565722326454 0.7049303125 0.8160030168855534 0.71884587875 0.8140636622889306 0.7321230175 0.7800237054409006 0.73799079 0.722410712945591 0.7351266175000001 0.7069678911819888 0.75318208125 0.6340052739212008 0.732044555 0.6952631332082552 0.7108754175 0.6924833076923076 0.67988488875 0.7505639793621013 0.6745149887499999 0.7781089193245778 0.67596288 0.8178491744840526
0 0.4827603825 0 0.4801740425 0.06517018761726079 0.50430105625 0.12483860600375235 0.520380275 0.12883339024390245 0.53743999625 0.11600687429643528 0.546047755 0.11902054221388368 0.5499392825 0.1383649512195122 0.56060174875 0.1491817898686679 0.601103205 0.14320020450281426 0.6080451825000001 0.11021168480300188 0.6086203875 0.014236913696060038 0.5002024125 0 0.4827603825 0
0 0.4183216875 0.738816861163227 0.41766802 0.7500310619136961 0.4276299675 0.7513392157598499 0.4312099 0.7329759212007505 0.42655576125000005 0.7267147448405253 0.4183216875 0.738816861163227
0 0.4934579575 0.9351339756097561 0.49822104125000005 0.9395261181988743 0.50228360625 0.9344095759849906 0.5042914625 0.9214898630393996 0.4995283775 0.9170977204502814 0.4934579575 0.9351339756097561
0 0.31197925875 0.9056530694183864 0.3176607525 0.9158158311444653 0.32421380375 0.9110263283302064 0.3275758475 0.8964011013133208 0.31918597875 0.8896493677298312 0.31197925875 0.9056530694183864
0 0.3898368875 0.7539097711069419 0.390490555 0.7426955722326454 0.38426433875 0.7418779756097561 0.38339278125 0.7568302420262664 0.3898368875 0.7539097711069419
0 0.30017823499999996 0.5914690975609757 0.3009408475 0.5783858649155723 0.29222414375 0.5772412288930582 0.28999839875 0.593899009380863 0.30017823499999996 0.5914690975609757
0 0.18653538375 0.7328632382739212 0.188434295 0.7218125590994371 0.1823170225 0.7191259287054409 0.18041811124999999 0.7301766097560975 0.18653538375 0.7328632382739212
0 0.12888163125 0.8608928611632269 0.13121632125 0.8423660469043153 0.12509905 0.8396794183864915 0.12038281749999999 0.8560101594746717 0.12888163125 0.8608928611632269
0 0.7472629399999999 0.06822621575984991 0.7392619975 0.03327546529080675 0.73189948125 0.030425317073170734 0.73793942 0.09901866604127581 0.74421248875 0.12055914634146342 0.74794821875 0.12104970356472795 0.7472629399999999 0.06822621575984991