0 0.31179502187499997 0.29863435156249996 0.34880698906249996 0.24169639687500002 0.36110957187500003 0.18992113593749999 0.355675553125 0.16675051406250002 0.34128404375 0.1673861109375 0.313136621875 0.1830488140625 0.3002876296875 0.2109286671875 0.2871710703125 0.26732021562499997 0.287446153125 0.29275438593750003 0.2603915453125 0.356207903125 0.2897097015625 0.29791332187499997 0.29360120156249997 0.2938396859375 0.31179502187499997 0.29863435156249996
0 0.447778790625 0.53521690625 0.4439764796875 0.52978664375 0.45130601875 0.5152129984375 0.44732157343749995 0.5018176000000001 0.46777518437500004 0.484798271875 0.4875077671875 0.4898642625 0.49311265156250006 0.44008122343749995 0.51455861875 0.3994378125 0.5242371390625 0.3535462734375 0.5258613343749999 0.31734076875 0.5196133390625 0.298786434375 0.49752801875 0.2980654046875 0.47155495625 0.3283909421875 0.463140115625 0.3491196359375 0.4499418796875 0.4689609453125 0.40434796406249995 0.6465541859374999 0.4281429109375 0.57459288125 0.43827865 0.5621006484375 0.436104290625 0.5474378140625 0.447778790625 0.53521690625
0 0.49930150937500006 0.6839229109375 0.51079763125 0.6907098 0.512971990625 0.705372634375 0.5184914421875 0.6920664249999999 0.539851975 0.68789984375 0.537134965625 0.6763145328125 0.543832665625 0.674322309375 0.53722415625 0.6668106359375 0.5455962796875 0.66432035625 0.6034538203124999 0.4801632015625 0.6046245531250001 0.43753132343749995 0.5935781375 0.41019787656249995 0.5759269671875 0.40232568750000003 0.5625315703125 0.40631013281249995 0.53809726875 0.436906996875 0.5252482765625001 0.46478685000000003 0.51918993125 0.508143515625 0.496208959375 0.5754885328125 0.5121442390625 0.611088171875 0.4916077 0.682566284375 0.49513868437499997 0.689535309375 0.49930150937500006 0.6839229109375
0 0.4843362765625 1 0.4769861875 0.9814428921875 0.46675750312500003 0.9764660921875 0.4609629703125 0.9643381296875001 0.470373921875 0.9469582859375001 0.46910272812500003 0.9181752671875 0.4523509671875 0.8692099609374999 0.43723467187500004 0.8649579468749999 0.42148653593749996 0.873287353125 0.39785869687500003 0.8453220671875 0.357219040625 0.8508490312499999 0.3456374875 0.8805389734375 0.3303540828125 0.97621355 0.46525374375000006 1 0.4843362765625 1
0 0.7098668906250001 0.9114437578125001 0.6934869140625 0.9323545875000001 0.6930372109375 0.9529011453124999 0.7536845296875 0.9778743406249999 0.7540412875 0.93985875 0.738378584375 0.9117113265624999 0.7232622890625 0.9074593125 0.7098668906250001 0.9114437578125001
0 0.374390453125 0.663484325 0.34904922968749996 0.681228440625 0.343801103125 0.6929958875 0.3496848265625 0.69561995 0.3495956375 0.7051238484375 0.3786537390625 0.729286825 0.3905028609375 0.6710851890625 0.374390453125 0.663484325
0 0.418393984375 0.7648529765625 0.452068371875 0.789829928125 0.44907628125 0.7528104484375 0.439932896875 0.7416785984375001 0.42246386406249997 0.74177154375 0.418393984375 0.7648529765625
0 0.625078165625 0.42051199375000003 0.620012175 0.4402445765625 0.6262601703125 0.4587989109375 0.6415548453125 0.44404312968750004 0.6464387 0.4163454125 0.636752665625 0.4082910875 0.625078165625 0.42051199375000003
0 0.5638769265625 0.31769752812499996 0.571752871875 0.327019290625 0.58641195 0.297872 0.5836949406249999 0.2862866890625 0.5697568921875 0.293348659375 0.5638769265625 0.31769752812499996
0 0.5961834171875 0.2694494953125 0.6027919265625 0.2769611703125 0.6114780921875 0.25469371406249997 0.60586569375 0.2505308890625 0.60016410625 0.25587196093750003 0.5961834171875 0.2694494953125
0 0.7223356140625 0.10288764531250001 0.7183549250000001 0.1164651796875 0.723695996875 0.1221667671875 0.733017759375 0.1142908203125 0.7351883625 0.1019807234375 0.7298472890625 0.09627913593750001 0.7223356140625 0.10288764531250001