0 0.43559565375 0.587931894934334 0.43271186875 0.6346737392120074 0.43691997625 0.6575497204502814 0.45564958875 0.6947192063789869 0.48061532625 0.6966830318949344 0.49033463374999997 0.6692663508442778 0.49387261875 0.6037884934333959 0.48815454375 0.5883087260787992 0.48262742125 0.5315115365853659 0.48597445375 0.5073511013133208 0.46587102375 0.509527243902439 0.4625186825 0.4979910619136961 0.44918004625 0.48566934896810504 0.45384078625 0.4597335046904315 0.45271803125 0.42019149343339585 0.443647615 0.3931755422138837 0.43917251874999996 0.34209734896810506 0.44275296750000004 0.5621924315196999 0.43559565375 0.587931894934334
0 0.52450162875 0.6944989230769231 0.5250302962500001 0.7152067298311445 0.53455865125 0.7291074690431519 0.54099634625 0.7239776228893058 0.54171596625 0.7033680075046904 0.53481502375 0.6859164465290807 0.52450162875 0.6944989230769231
0 0.5196074725 0.47617925140712947 0.5185006425 0.5437270919324577 0.5330928737499999 0.5918436135084428 0.5449869625 0.609687938086304 0.55858727875 0.6145152457786116 0.5712009887499999 0.6117499549718574 0.58295893 0.5976448649155722 0.59576359125 0.5535621538461538 0.57858282625 0.32863976360225144 0.5740476175 0.31513178986866797 0.5601202024999999 0.31967248968105066 0.55571583375 0.3024173114446529 0.5498068075 0.3282549662288931 0.538441385 0.3311184465290807 0.53535072375 0.3120878592870544 0.5314096025 0.3174140900562852 0.5345763 0.4059643114446529 0.52800776625 0.41484136210131334 0.5194005975 0.41040681988742966 0.51250496375 0.42865187804878047 0.5196074725 0.47617925140712947
0 0.6072651612500001 0.5826480881801125 0.60634928125 0.6088785065666041 0.61338106375 0.6225828649155722 0.6261256125 0.6160703714821764 0.6269760725 0.5917135534709194 0.61633026875 0.5739674202626642 0.6072651612500001 0.5826480881801125
0 0.782741365 0.10985562476547842 0.7795251725 0.1302688574108818 0.7852432475000001 0.14574862476547842 0.7997647512499999 0.16004212945590993 0.8236130425 0.15816056097560974 0.8393121050000001 0.1387292420262664 0.848175645 0.09997275984990618 0.782741365 0.10985562476547842
0 0.475880275 0.22286623264540337 0.47384694875 0.24525125891181987 0.49244041250000004 0.25047133020637896 0.50012639375 0.2454396735459662 0.5139830825 0.20707595872420265 0.475880275 0.22286623264540337
0 0.38772046000000004 0.27417267729831146 0.39100738125 0.28758246153846156 0.41269150625 0.31183312007504693 0.4239915075 0.31084324015009385 0.43121424124999996 0.2832301763602251 0.4299606475 0.24743536772983113 0.4072298025 0.25316233020637896 0.4030924225 0.2641093639774859 0.38772046000000004 0.27417267729831146
0 0.24370249125000001 0.6705322833020638 0.2441710475 0.7288103076923077 0.25416265125 0.7652924559099437 0.2677629675 0.7701197617260789 0.28097076375 0.7861886772983114 0.2897087725 0.7868760168855535 0.29627730625000004 0.7779989662288931 0.30139598625 0.7389479118198874 0.29863242375 0.7105493170731707 0.27332897 0.6465602626641651 0.2521080925 0.6448910112570356 0.23685635375 0.5798138855534709 0.2479707125 0.6558380450281426 0.24370249125000001 0.6705322833020638
0 0.4371525425 0 0.4291490675 0.0914354971857411 0.43296465625 0.12555308630393994 0.47251731874999997 0.1399368161350844 0.484079 0.13145253095684803 0.4897263475 0.11310928142589119 0.49852977625 0.11192302063789869 0.51423414625 0.12818831707317072 0.53052729625 0.12759120262664167 0.55995220625 0.07354336960600376 0.56355561125 0.006191911819887429 0.484839035 0 0.4371525425 0
0 0.5465181612500001 0.7450781932457785 0.54836053625 0.7640105909943715 0.55834683125 0.7647961200750468 0.5587393512500001 0.753554512195122 0.55170756875 0.7398501557223264 0.5465181612500001 0.7450781932457785
0 0.4566680425 0.9164915084427767 0.45745839 0.9297049099437148 0.46100699125 0.935620287054409 0.46613097875000004 0.9322658499061913 0.46179203125 0.9131370712945591 0.4566680425 0.9164915084427767
0 0.633990205 0.9285610694183865 0.63596342 0.9437462626641651 0.6420085950000001 0.9498580243902439 0.6485771287500001 0.9409809737335836 0.64292447375 0.9236276041275798 0.633990205 0.9285610694183865
0 0.58593998375 0.7632091257035647 0.58554746375 0.7744507335834897 0.59165805875 0.7786888930581614 0.5921814175 0.7637000825515947 0.58593998375 0.7632091257035647
0 0.689853665 0.6192045253283303 0.68939572625 0.6323197354596622 0.69925118125 0.636852469043152 0.69859167375 0.6198918649155722 0.689853665 0.6192045253283303
0 0.78796620375 0.7847369193245778 0.7888219712500001 0.7960767185741089 0.79512882625 0.7946940731707317 0.79427305875 0.7833542739212007 0.78796620375 0.7847369193245778
0 0.833449125 0.9160694634146341 0.8340432124999999 0.9349036697936209 0.8429120600000001 0.9318438048780489 0.8397559787500001 0.9146868198874296 0.833449125 0.9160694634146341
0 0.30222115250000003 0 0.2951792325 0.020777401500938087 0.28960261249999997 0.0729436679174484 0.29334747375 0.07323824015009381 0.301556815 0.05321777298311445 0.31140892875 0 0.30222115250000003 0