0 0.225685653125 0.65552386875 0.2207342953125 0.7132086578125 0.2243390625 0.74369453125 0.24626881093750003 0.767288678125 0.259759540625 0.7723403875 0.2720877140625 0.751983021875 0.27638669843749997 0.6989401156249999 0.258781021875 0.633351575 0.2399960375 0.6322893734374999 0.2375538234375 0.6272125765625 0.227684615625 0.5627113265625 0.2338068609375 0.6314195421875 0.225685653125 0.65552386875
0 0.442800303125 0.5140510843749999 0.41831957031250006 0.632105421875 0.419917040625 0.6544199093749999 0.4352477859375 0.6912873281249999 0.4564749828125 0.6974263281249999 0.468150784375 0.68171084375 0.47779419843750004 0.6467754578125 0.48277064375 0.6001391843749999 0.4749338234375 0.554857834375 0.48498706562500005 0.505779346875 0.46465478750000005 0.5044996875 0.4504615078125 0.4819928296875 0.4583903484375 0.4704843109375 0.4559230453125 0.4543589984375 0.4612173015625 0.450369490625 0.453890659375 0.4351390984375 0.4604896625 0.42186582812499995 0.45471031562500003 0.4068528921875 0.454317240625 0.33106058125 0.442800303125 0.5140510843749999
0 0.52076719375 0.49818507187499994 0.5131310765625 0.5412918421875 0.5167358453124999 0.571777715625 0.5305192953125 0.608427675 0.5420278140625 0.6163565156249999 0.561247715625 0.6143241296874999 0.58019998125 0.59174200625 0.592260521875 0.5508349046875 0.594142421875 0.3578120796875 0.586949596875 0.3528565546875 0.5955558984375 0.34775467031249996 0.5898016390625 0.34379024999999996 0.5959657265625 0.3336115671875 0.5769381953125 0.32304814375 0.5758007296875001 0.3086875828125 0.5692017265625 0.3219608546875 0.5561710015625 0.32486307187499996 0.5539462453125 0.31823898125 0.5484345328125 0.32377578281249997 0.545877990625 0.398101646875 0.5197217453125 0.4270346421875 0.52076719375 0.49818507187499994
0 0.484978359375 0 0.47078553593750005 0.090385290625 0.47262555156249997 0.122201 0.509568234375 0.1400158 0.54068139375 0.120720634375 0.5530848328125 0.13350881406249998 0.5687752296874999 0.1341361 0.5998382125 0.0927439046875 0.60994163125 0.0657624484375 0.6063619515625 0.046325089062500005 0.6156206265625 0.036581321875 0.6268866 0.035008940625 0.6420919031250001 0.016633784375 0.523736375 0 0.484978359375 0
0 0.823543446875 0.1289171921875 0.81762190625 0.148597096875 0.8267383875000001 0.17354616875 0.83824690625 0.1814750078125 0.8539373031249999 0.18210229375 0.8775314515625 0.1601725453125 0.8889396171874999 0.12390732499999998 0.823543446875 0.1289171921875
0 0.41108503125 0.26818189062500003 0.4124399546875 0.28099515625000004 0.43105765781249994 0.3057016828125 0.4487302640625 0.3034518390625 0.45544637187500003 0.24443721406250002 0.42034370625 0.2584381234375 0.4174916640625 0.26750442812499997 0.41108503125 0.26818189062500003
0 0.5042321375000001 0.22289220625 0.50097026875 0.2461016140625 0.5175555843749999 0.2515882390625 0.5296913890625 0.24382668125 0.5439766859375 0.20954367031249999 0.5042321375000001 0.22289220625
0 0.5956729203125 0.5939165859375 0.594393259375 0.6142488640625 0.6017199015625 0.6294792578124999 0.613420790625 0.6248122875 0.617335034375 0.5969609984375001 0.6073487203125 0.5782011015624999 0.5956729203125 0.5939165859375
0 0.5044160046874999 0.6931190093749999 0.502483971875 0.7180931703125 0.5135575734375 0.729116596875 0.5197216609375 0.7189379140625001 0.5147870578125 0.6866872890625 0.5044160046874999 0.6931190093749999
0 0.5202318421875 0.7489888703124999 0.5198220140625 0.7631319734375 0.5235940640625001 0.7699735234375 0.5302181546875 0.7677487671875001 0.5288381421875 0.743886984375 0.5202318421875 0.7489888703124999
0 0.5891490968750001 0.9322386734375 0.58873926875 0.9463817765625 0.5938411546875 0.9549880765625 0.600682703125 0.9512160281250001 0.6024223671875 0.9388376765625001 0.5959906453125 0.9284666234375001 0.5891490968750001 0.9322386734375