0 0.2578125 0.3375 0.2609375 0.3328125 0.2796875 0.334375 0.30625 0.271875 0.309375 0.21875 0.3 0.196875 0.2859375 0.2 0.2609375 0.2203125 0.253125 0.25 0.25 0.3078125 0.2546875 0.3328125 0.2390625 0.4 0.2578125 0.3375
0 0.45 0.571875 0.4453125 0.5578125 0.4546875 0.54375 0.45 0.5390625 0.4546875 0.5234375 0.4484375 0.5109375 0.465625 0.490625 0.4859375 0.4921875 0.4828125 0.4421875 0.496875 0.3984375 0.4984375 0.3515625 0.49375 0.315625 0.484375 0.2984375 0.4625 0.3015625 0.4421875 0.3359375 0.4375 0.3578125 0.4453125 0.478125 0.43125 0.6609375 0.4421875 0.5859375 0.45 0.571875
0 0.5234375 0.68125 0.528125 0.6875 0.53125 0.68125 0.54375 0.6859375 0.5484375 0.7 0.5515625 0.6859375 0.571875 0.678125 0.5671875 0.6671875 0.5734375 0.6640625 0.565625 0.6578125 0.5734375 0.65390625 0.5984375 0.4625 0.5921875 0.4203125 0.5765625 0.3953125 0.5578125 0.390625 0.5453125 0.396875 0.5265625 0.43125 0.51875 0.4609375 0.5203125 0.5046875 0.509375 0.575 0.53125 0.6072916671875 0.5234375 0.68125
0 0.5609375 0.978125 0.55 0.975 0.5421875 0.9640625 0.5484375 0.9453125 0.5421875 0.9171875 0.5171875 0.871875 0.5015625 0.8703125 0.4875 0.88125 0.459375 0.8578125 0.4203125 0.8703125 0.4140625 0.9015625 0.415625 0.9984375 0.5734375 0.9984375 0.5609375 0.978125
0 0.80625 0.8640625 0.790625 0.8625 0.778125 0.86875 0.765625 0.8921875 0.76875 0.9125 0.8328125 0.9265625 0.8265625 0.8890625 0.80625 0.8640625
0 0.4203125 0.746875 0.421875 0.6875 0.4046875 0.6828125 0.3828125 0.7046875 0.3796875 0.7171875 0.3859375 0.71875 0.3875 0.728125 0.4203125 0.746875
0 0.4828125 0.7484375 0.465625 0.7515625 0.465625 0.775 0.503125 0.79375 0.49375 0.7578125 0.4828125 0.7484375
0 0.6296875 0.3921875 0.61875 0.3859375 0.609375 0.4 0.6078125 0.4203125 0.6171875 0.4375 0.6296875 0.4203125 0.6296875 0.3921875
0 0.5453125 0.275 0.5328125 0.284375 0.53125 0.309375 0.540625 0.3171875 0.55 0.2859375 0.5453125 0.275
0 0.5609375 0.2359375 0.55625 0.2421875 0.5546875 0.25625 0.5625 0.2625 0.5671875 0.2390625 0.5609375 0.2359375
0 0.6625 0.0671875 0.65625 0.0625 0.65 0.0703125 0.6484375 0.084375 0.6546875 0.0890625 0.6625 0.0796875 0.6625 0.0671875