0 0.44 0.6022514071294559 0.45 0.575984990619137 0.4525 0.5365853658536586 0.44875 0.5103189493433395 0.4625 0.49906191369606 0.46625 0.4878048780487805 0.48625 0.4915572232645403 0.48375 0.46716697936210133 0.49125 0.41088180112570355 0.4975 0.39587242026266417 0.49625 0.3302063789868668 0.4875 0.30206378986866794 0.4625 0.30206378986866794 0.4425 0.33771106941838647 0.4375 0.3602251407129456 0.43875 0.4071294559099437 0.445 0.4333958724202627 0.43375 0.6529080675422139 0.44 0.6022514071294559
0 0.54875 0.2795497185741088 0.5425 0.27392120075046905 0.5325 0.2870544090056285 0.53125 0.3076923076923077 0.54125 0.3170731707317073 0.54875 0.300187617260788 0.54875 0.2795497185741088
0 0.525 0.5872420262664165 0.53125 0.5966228893058161 0.525 0.6848030018761726 0.52875 0.6904315196998124 0.5325 0.6716697936210131 0.54375 0.6754221388367729 0.54875 0.701688555347092 0.55375 0.6848030018761726 0.5675 0.6904315196998124 0.5725 0.6772983114446529 0.5975 0.4540337711069418 0.58625 0.4090056285178236 0.575 0.39399624765478425 0.5625 0.3902439024390244 0.54875 0.39399624765478425 0.53625 0.41088180112570355 0.52 0.45778611632270166 0.51875 0.525328330206379 0.51 0.5722326454033771 0.51625 0.5909943714821764 0.525 0.5872420262664165
0 0.63 0.39399624765478425 0.6175 0.38649155722326456 0.61 0.399624765478424 0.61 0.425891181988743 0.61875 0.4352720450281426 0.63 0.41838649155722324 0.63 0.39399624765478425
0 0.81125 0.8667917448405253 0.7875 0.8630393996247655 0.7725 0.8761726078799249 0.76625 0.8911819887429644 0.76875 0.9118198874296435 0.83375 0.926829268292683 0.82625 0.8874296435272045 0.81125 0.8667917448405253
0 0.48375 0.7485928705440901 0.465 0.7523452157598499 0.46625 0.774859287054409 0.50375 0.7936210131332082 0.49125 0.7542213883677298 0.48375 0.7485928705440901
0 0.42125 0.7467166979362101 0.42375 0.7110694183864915 0.4175 0.6829268292682927 0.40625 0.6810506566604128 0.38375 0.7035647279549718 0.38 0.7166979362101313 0.395 0.7279549718574109 0.39875 0.7392120075046904 0.42125 0.7467166979362101
0 0.2575 0.33583489681050654 0.27875 0.33583489681050654 0.30625 0.27392120075046905 0.31 0.24577861163227016 0.30625 0.20637898686679174 0.3 0.19699812382739212 0.29125 0.19699812382739212 0.2775 0.21200750469043153 0.26375 0.21575984990619138 0.2525 0.25140712945590993 0.25 0.30956848030018763 0.25375 0.324577861163227 0.24 0.399624765478424 0.2575 0.33583489681050654
0 0.545 0.9305816135084428 0.5175 0.874296435272045 0.50125 0.8724202626641651 0.485 0.8874296435272045 0.47625 0.8855534709193246 0.47125 0.8667917448405253 0.46 0.8574108818011257 0.42 0.8686679174484052 0.415 0.9024390243902439 0.42 0.99812382739212 0.54625 0.99812382739212 0.545 0.9305816135084428
0 0.5675 0.2401500938086304 0.5575 0.2401500938086304 0.555 0.2589118198874296 0.56 0.26454033771106944 0.5675 0.25140712945590993 0.5675 0.2401500938086304
0 0.47625 0.06191369606003752 0.4725 0.0675422138836773 0.47125 0.08067542213883677 0.47625 0.08442776735459662 0.48125 0.06566604127579738 0.47625 0.06191369606003752
0 0.6575 0.06191369606003752 0.65125 0.0675422138836773 0.64875 0.0825515947467167 0.6575 0.08818011257035648 0.66375 0.07129455909943715 0.6575 0.06191369606003752
0 0.595 0.2326454033771107 0.595 0.24390243902439024 0.60125 0.24390243902439024 0.60125 0.22889305816135083 0.595 0.2326454033771107
0 0.69375 0.3827392120075047 0.69375 0.39587242026266417 0.7025 0.39587242026266417 0.70375 0.3789868667917448 0.69375 0.3827392120075047
0 0.79875 0.2270168855534709 0.7975 0.23827392120075047 0.80375 0.2401500938086304 0.805 0.22889305816135083 0.79875 0.2270168855534709
0 0.84875 0.09193245778611632 0.8475 0.11069418386491557 0.85375 0.1125703564727955 0.8575 0.09568480300187618 0.84875 0.09193245778611632
0 0.29625 0.99812382739212 0.28625 0.9305816135084428 0.27875 0.9099437148217636 0.275 0.9099437148217636 0.27875 0.9624765478424016 0.28875 0.9962476547842402 0.29625 0.99812382739212