0 0.4434595975903614 0.5598709217758985 0.4154456578313253 0.5554541479915432 0.41201552650602413 0.5779175391120508 0.4194546734939759 0.5945477864693447 0.43955052650602405 0.6018078245243129 0.4530591686746988 0.5950269281183933 0.4526861722891566 0.5729641035940803 0.4434595975903614 0.5598709217758985
0 0.558599273493976 0.8350711522198732 0.5394165228915663 0.854505376321353 0.5388540277108435 0.882694579281184 0.5325562590361446 0.8994321585623679 0.594358191566265 0.9766429238900635 0.6202564855421687 0.8968926596194503 0.5886289156626506 0.8426244249471458 0.558599273493976 0.8350711522198732
0 0.4962408445783133 0.6634827145877378 0.48801092771084337 0.6683681035940803 0.4789902409638554 0.6947691289640592 0.4908561771084337 0.70691455602537 0.5089363289156627 0.7110380951374207 0.5135302265060241 0.689121890063425 0.5084186108433735 0.6735860147991543 0.4962408445783133 0.6634827145877378
0 0.5598525927710843 0.7043357695560254 0.5718856385542168 0.6990498139534883 0.5606433626506024 0.682820133192389 0.5567566795180723 0.6919363932346723 0.5598525927710843 0.7043357695560254
0 0.578829456626506 0.6454073382663847 0.5771867518072289 0.6643336638477801 0.5906730048192771 0.6903734080338266 0.5976556012048193 0.6936565243128964 0.6144272650602409 0.6818436194503171 0.6137424385542168 0.6618229217758985 0.578829456626506 0.6454073382663847
0 0.7259260096385542 1 0.7307918722891565 0.9816959830866807 0.7253684277108433 0.9682022346723044 0.7092428120481927 0.9431102452431289 0.6961295554216866 0.9391333234672304 0.6913909361445782 0.9456602706131078 0.6902047819277108 0.9779337272727273 0.6983751493975904 1 0.7259260096385542 1
0 0.3620839204819277 0.8477321839323467 0.3510699204819277 0.8381760697674419 0.333050934939759 0.8581574799154333 0.32922541807228917 0.8913786913319238 0.3361020710843374 0.9361981416490487 0.3497554337349398 0.9448065010570825 0.3637654036144578 0.8857314524312897 0.3651798337349398 0.8601315623678646 0.3620839204819277 0.8477321839323467
0 0.3347771951807229 0.8305154630021142 0.3402841951807229 0.8352935221987315 0.34618658072289155 0.8293137589852008 0.34402615783132534 0.8107880042283298 0.3349443048192771 0.8130840803382664 0.3347771951807229 0.8305154630021142
0 0.39658673493975904 0.32771249471458774 0.40720535060240964 0.34802642706131076 0.4190101204819277 0.3360669048625793 0.4152905469879518 0.32775178012684986 0.3986859915662651 0.3221333023255814 0.39658673493975904 0.32771249471458774
0 0.47307746506024095 0.4884357822410148 0.47066637831325303 0.49605710147991544 0.47958112289156624 0.5111924101479915 0.4892030807228916 0.5135277716701903 0.49805665903614454 0.5045581310782241 0.48860180963855426 0.48479138266384775 0.47307746506024095 0.4884357822410148
0 0.6941542385542169 0.535475558139535 0.6880459662650603 0.5019611120507399 0.6790476674698795 0.49554149471458775 0.6764694722891565 0.520594198731501 0.6941542385542169 0.535475558139535
0 0.7200077554216868 0.5213665771670191 0.7177413891566266 0.544377154334038 0.7280481746987952 0.5667332135306554 0.7451928361445783 0.5769831310782242 0.7545865180722892 0.5726449281183932 0.7409555445783133 0.5312159260042283 0.7200077554216868 0.5213665771670191
0 0.7380982975903614 0.7378032241014799 0.7497971240963854 0.7673800359408034 0.765237913253012 0.7724513276955602 0.7625373843373494 0.749294133192389 0.7414448746987952 0.7240555243128964 0.7380982975903614 0.7378032241014799
0 0.7874166337349398 0.6843859408033827 0.7849443807228915 0.667902310782241 0.7736185493975903 0.6603883213530656 0.7722876746987952 0.6772725200845666 0.7874166337349398 0.6843859408033827
0 0.8229816626506025 0.5413297547568711 0.8071678771084337 0.5141956384778013 0.7890877265060241 0.5100720972515856 0.7895442771084337 0.5234192304439746 0.8072902096385542 0.5624055369978858 0.8173687192771084 0.5780880317124736 0.8238112096385541 0.5767397082452431 0.8283215530120482 0.5635391945031712 0.8229816626506025 0.5413297547568711
0 0.8553328373493976 0.6725442748414376 0.8845717096385542 0.7016131860465117 0.8810192457831326 0.6758666786469344 0.8689250337349397 0.6570476871035941 0.862482543373494 0.6583960084566596 0.8553328373493976 0.6725442748414376
0 0.5196237168674699 0.17544324312896406 0.5047230325301205 0.1750033890063425 0.4990489240963855 0.18765671670190276 0.505947965060241 0.19965552642706133 0.5593976493975904 0.2335417801268499 0.5624323963855422 0.2218362071881607 0.5523538867469879 0.20615371458773785 0.5196237168674699 0.17544324312896406
0 0.7060485614457831 0.392233467230444 0.699544904819277 0.3694768393234672 0.6844159457831326 0.36236342071881605 0.6868881987951807 0.3788470507399577 0.7060485614457831 0.392233467230444
0 0.5849497265060241 0.43378803382663844 0.5825610289156626 0.4085887124735729 0.5677439 0.3994331649048626 0.5682004506024096 0.4127802959830867 0.5849497265060241 0.43378803382663844
0 0.524032508433735 0.5386590486257928 0.523887786746988 0.5232697906976744 0.5157414253012048 0.519439488372093 0.513018508433735 0.529102934460888 0.524032508433735 0.5386590486257928
0 0.5434211457831325 0.5587190317124736 0.5463723385542169 0.5557291501057082 0.5412607228915662 0.5401932748414376 0.5351300626506025 0.5394994714587737 0.5434211457831325 0.5587190317124736
0 0.5837187951807229 0.5317027737843552 0.586502878313253 0.5461442769556025 0.6004680710843374 0.5527105095137421 0.5991595843373494 0.536774067653277 0.5889975204819278 0.5298072642706131 0.5837187951807229 0.5317027737843552
0 0.21904224698795183 0.40401197040169134 0.22392558674698795 0.4128742811839323 0.23564680240963856 0.40963045031712475 0.22991152650602412 0.3981788287526427 0.22145333373493975 0.39639065116279065 0.21904224698795183 0.40401197040169134
0 0.34964670722891567 0.1940159936575053 0.3327914879518072 0.21454458985200844 0.3287376963855422 0.24109223467230442 0.3377359939759036 0.24751184989429176 0.36257046626506023 0.24824493868921774 0.3879674325301205 0.2207888266384778 0.36600059759036147 0.22578154756871038 0.34964670722891567 0.1940159936575053
0 0.31579593975903614 0.5545639112050741 0.3139473469879518 0.5339960295983086 0.307504856626506 0.5353443509513742 0.3073377469879518 0.5527757357293869 0.31579593975903614 0.5545639112050741
0 0.751266721686747 0.8884519704016913 0.7482543626506024 0.8673369006342495 0.740419830120482 0.8614644714587738 0.7387771253012049 0.8803907949260042 0.751266721686747 0.8884519704016913
0 0.7616346722891567 0.934912978858351 0.7616122843373494 0.9677336215644821 0.7748090963855422 0.9629948498942917 0.7616346722891567 0.934912978858351
0 0.5769928626506023 0.37970570613107824 0.5857628843373495 0.37945175475687104 0.5660624168674698 0.36143389852008456 0.5631112240963856 0.3644237801268499 0.5769928626506023 0.37970570613107824
0 0.45409021084337353 0.33505110570824526 0.4550257012048193 0.32892472515856236 0.44687933975903615 0.325094422832981 0.44415642289156626 0.3347578689217759 0.45409021084337353 0.33505110570824526
0 0.46348389397590367 0.33071290274841436 0.4686790638554217 0.3375330866807611 0.48993868313253014 0.34534031078224103 0.4811074939759036 0.321489310782241 0.46822251325301206 0.324185955602537 0.46348389397590367 0.33071290274841436
0 0.42105420963855417 0.18381588794926004 0.4220732542168675 0.16897381606765327 0.407879786746988 0.15573401691331923 0.4114322506024096 0.1814805243128964 0.42105420963855417 0.18381588794926004
0 0.47439795060240963 0.2592384756871036 0.4736295686746988 0.24793347145877379 0.4654832072289157 0.24410316701902748 0.4627602903614458 0.25376661310782245 0.47439795060240963 0.2592384756871036
0 0.7089609759036144 0.33231799577167015 0.7146126975903615 0.352485310782241 0.7357887614457831 0.3690082262156448 0.7341684445783133 0.35511390909090906 0.7392188939759037 0.3465448350951374 0.7306159807228915 0.32936740169133194 0.7089609759036144 0.33231799577167015
0 0.4778204759036145 0.8167888181818183 0.48557145301204824 0.8313769386892177 0.4921810530120482 0.8125972325581395 0.4884614795180723 0.804282109936575 0.48085522289156624 0.8050832452431289 0.4778204759036145 0.8167888181818183
0 0.32986707590361447 0.5195938118393235 0.33358664939759036 0.5279089365750529 0.3516668 0.5320324756871037 0.3550969325301205 0.5095690845665962 0.3325899927710843 0.5099303657505285 0.32986707590361447 0.5195938118393235
0 0.2922759542168675 0.4472003911205074 0.292047678313253 0.4405268245243129 0.28591701807228914 0.43983302114164907 0.2849815277108434 0.445959399577167 0.2922759542168675 0.4472003911205074
0 0.26719081807228917 0.4726143763213531 0.27323792409638553 0.4820238731501057 0.29869605542168676 0.47867271035940806 0.3008788674698795 0.4643778245243129 0.2709327795180723 0.4481088583509514 0.26719081807228917 0.4726143763213531