0 0.46551724137931033 0.6407766990291263 0.4676724137931034 0.6537216828478964 0.47844827586206895 0.6537216828478964 0.4849137931034483 0.6181229773462783 0.5021551724137931 0.5889967637540453 0.5172413793103449 0.598705501618123 0.521551724137931 0.5760517799352751 0.5581896551724138 0.5889967637540453 0.5991379310344828 0.6699029126213593 0.6271551724137931 0.686084142394822 0.6336206896551724 0.6796116504854369 0.6314655172413793 0.656957928802589 0.5682471271551724 0.5393743268608414 0.5625 0.44983818770226536 0.5344827586206896 0.39805825242718446 0.48060344827586204 0.3786407766990291 0.4482758620689655 0.3948220064724919 0.3900862068965517 0.459546925566343 0.3857758620689655 0.4919093851132686 0.3125 0.5275080906148867 0.4073275862068966 0.6957928802588996 0.4073275862068966 0.7346278317152104 0.4353448275862069 0.6440129449838188 0.46551724137931033 0.6407766990291263
0 0.5991379310344828 0.7928802588996764 0.5775862068965517 0.7766990291262136 0.5625 0.7928802588996764 0.5668103448275862 0.8317152103559871 0.584051724137931 0.8446601941747572 0.603448275862069 0.8349514563106796 0.5991379310344828 0.7928802588996764
0 0.6702586206896551 0.28802588996763756 0.6896551724137931 0.255663430420712 0.6853448275862069 0.22330097087378642 0.6422413793103449 0.22006472491909385 0.6206896551724138 0.20064724919093851 0.5560344827586207 0.23624595469255663 0.5474137931034483 0.2459546925566343 0.5711206896551724 0.2815533980582524 0.6400862068965517 0.30097087378640774 0.6702586206896551 0.28802588996763756
0 0.1896551724137931 0.10032362459546926 0.21120689655172414 0.10032362459546926 0.2025862068965517 0.08090614886731391 0.16594827586206898 0.06472491909385113 0.10560344827586207 0.10679611650485436 0.07112068965517242 0.15210355987055016 0.10560344827586207 0.16828478964401294 0.1724137931034483 0.12944983818770225 0.1896551724137931 0.10032362459546926
0 0.19827586206896552 0.5339805825242718 0.1939655172413793 0.5566343042071198 0.21551724137931033 0.5469255663430421 0.21336206896551724 0.5307443365695793 0.19827586206896552 0.5339805825242718
0 0.23060344827586207 0.4692556634304207 0.21551724137931033 0.459546925566343 0.19181034482758622 0.47896440129449835 0.1961206896551724 0.5016181229773463 0.21767241379310345 0.5016181229773463 0.23060344827586207 0.4854368932038835 0.23060344827586207 0.4692556634304207
0 0.3728448275862069 0.883495145631068 0.3642241379310345 0.8187702265372169 0.35344827586206895 0.7993527508090615 0.3297413793103448 0.7928802588996764 0.28663793103448276 0.8446601941747572 0.28448275862068967 0.8673139158576052 0.30387931034482757 0.8964401294498382 0.3620689655172414 0.9029126213592233 0.3728448275862069 0.883495145631068
0 0.7112068965517241 0.540453074433657 0.6918103448275862 0.540453074433657 0.6875 0.5598705501618123 0.6961206896551724 0.5728155339805825 0.7155172413793104 0.5598705501618123 0.7112068965517241 0.540453074433657
0 0.8987068965517241 0.20064724919093851 0.915948275862069 0.19741100323624594 0.9418103448275862 0.15210355987055016 0.9288793103448276 0.09385113268608414 0.8512931034482759 0.11003236245954692 0.8405172413793104 0.1262135922330097 0.8426724137931034 0.1423948220064725 0.8620689655172413 0.1779935275080906 0.8987068965517241 0.20064724919093851
0 0.8038793103448276 0.11003236245954692 0.7974137931034483 0.08737864077669903 0.7349137931034483 0.06796116504854369 0.7327586206896551 0.09385113268608414 0.7392241379310345 0.10032362459546926 0.7931034482758621 0.11974110032362459 0.8038793103448276 0.11003236245954692
0 0.7198275862068966 0.44983818770226536 0.7176724137931034 0.4627831715210356 0.7586206896551724 0.47249190938511326 0.7758620689655172 0.4401294498381877 0.7198275862068966 0.44983818770226536