0 0.4686746987951807 0.6131078224101479 0.4650602409638554 0.5919661733615222 0.4542168674698795 0.5835095137420718 0.42650602409638555 0.5919661733615222 0.42650602409638555 0.6152219873150105 0.43614457831325304 0.627906976744186 0.4566265060240964 0.6257928118393234 0.4686746987951807 0.6131078224101479
0 0.6746987951807228 0.828752642706131 0.636144578313253 0.7906976744186046 0.6060240963855422 0.7970401691331924 0.5903614457831325 0.8245243128964059 0.5939759036144578 0.8520084566596194 0.5903614457831325 0.8710359408033826 0.6614457831325301 0.9175475687103594 0.6746987951807228 0.828752642706131
0 0.5409638554216868 0.6765327695560254 0.5337349397590362 0.6638477801268499 0.5204819277108433 0.6596194503171248 0.5132530120481927 0.6680761099365751 0.5084337349397591 0.6976744186046512 0.5216867469879518 0.7040169133192389 0.5397590361445783 0.6997885835095138 0.5409638554216868 0.6765327695560254
0 0.5855421686746988 0.6490486257928119 0.5831325301204819 0.6596194503171248 0.5879518072289157 0.6701902748414377 0.5987951807228916 0.6596194503171248 0.5855421686746988 0.6490486257928119
0 0.6373493975903615 0.6236786469344608 0.6337349397590362 0.6046511627906976 0.5975903614457831 0.6046511627906976 0.5987951807228916 0.6236786469344608 0.6156626506024097 0.642706131078224 0.6228915662650603 0.642706131078224 0.6373493975903615 0.6236786469344608
0 0.7903614457831325 0.8964059196617337 0.7939759036144578 0.8604651162790697 0.7867469879518072 0.8498942917547568 0.7674698795180723 0.8329809725158562 0.7542168674698795 0.8350951374207188 0.7506024096385542 0.8435517970401691 0.7542168674698795 0.8752642706131079 0.7662650602409639 0.8942917547568711 0.7746987951807229 0.904862579281184 0.7903614457831325 0.8964059196617337
0 0.42530120481927713 0.9344608879492601 0.42289156626506025 0.9090909090909091 0.41807228915662653 0.8985200845665962 0.40602409638554215 0.8942917547568711 0.39156626506024095 0.9217758985200846 0.3927710843373494 0.9556025369978859 0.40602409638554215 0.9957716701902748 0.42048192771084336 0.9978858350951374 0.42530120481927713 0.9344608879492601
0 0.39518072289156625 0.8710359408033826 0.38674698795180723 0.8773784355179705 0.3891566265060241 0.8942917547568711 0.39518072289156625 0.8964059196617337 0.4 0.8879492600422833 0.39518072289156625 0.8710359408033826
0 0.3927710843373494 0.37209302325581395 0.3759036144578313 0.37420718816067655 0.3746987951807229 0.38054968287526425 0.38795180722891565 0.3953488372093023 0.39759036144578314 0.3784355179704017 0.3927710843373494 0.37209302325581395
0 0.4987951807228916 0.5052854122621564 0.4867469879518072 0.4904862579281184 0.472289156626506 0.5010570824524313 0.4710843373493976 0.5095137420718816 0.4819277108433735 0.5200845665961945 0.491566265060241 0.5179704016913319 0.4987951807228916 0.5052854122621564
0 0.672289156626506 0.4143763213530655 0.6734939759036145 0.4397463002114165 0.6927710843373494 0.44608879492600423 0.6819277108433734 0.4164904862579281 0.672289156626506 0.4143763213530655
0 0.7566265060240964 0.45454545454545453 0.7373493975903614 0.42071881606765327 0.7156626506024096 0.42071881606765327 0.7168674698795181 0.4439746300211416 0.7301204819277108 0.4608879492600423 0.7481927710843373 0.4630021141649049 0.7566265060240964 0.45454545454545453
0 0.7903614457831325 0.6215644820295984 0.7662650602409639 0.6067653276955602 0.7650602409638554 0.6215644820295984 0.7807228915662651 0.6448202959830867 0.7963855421686747 0.642706131078224 0.7903614457831325 0.6215644820295984
0 0.7879518072289157 0.5306553911205074 0.7891566265060241 0.547568710359408 0.8048192771084337 0.547568710359408 0.8 0.53276955602537 0.7879518072289157 0.5306553911205074
0 0.8240963855421687 0.427061310782241 0.8265060240963855 0.41226215644820297 0.8180722891566266 0.39323467230443976 0.7987951807228916 0.37420718816067655 0.7807228915662651 0.3784355179704017 0.7831325301204819 0.39112050739957716 0.8060240963855422 0.42071881606765327 0.8180722891566266 0.4312896405919662 0.8240963855421687 0.427061310782241
0 0.8795180722891566 0.48414376321353064 0.8734939759036144 0.4883720930232558 0.8686746987951808 0.5052854122621564 0.9012048192771084 0.5200845665961945 0.8939759036144578 0.49682875264270615 0.8795180722891566 0.48414376321353064
0 0.519277108433735 0.2029598308668076 0.5072289156626506 0.19238900634249473 0.4710843373493976 0.17758985200845667 0.4566265060240964 0.1839323467230444 0.4530120481927711 0.19873150105708245 0.4614457831325301 0.20718816067653276 0.5180722891566265 0.2156448202959831 0.519277108433735 0.2029598308668076
0 0.6578313253012048 0.2832980972515856 0.6626506024096386 0.29809725158562367 0.6831325301204819 0.3023255813953488 0.6734939759036145 0.2832980972515856 0.6578313253012048 0.2832980972515856
0 0.5506024096385542 0.37209302325581395 0.553012048192771 0.38477801268498946 0.572289156626506 0.3974630021141649 0.5662650602409639 0.37420718816067655 0.5506024096385542 0.37209302325581395
0 0.5180722891566265 0.5116279069767442 0.516867469879518 0.5221987315010571 0.5289156626506024 0.5264270613107822 0.5265060240963856 0.5116279069767442 0.5180722891566265 0.5116279069767442
0 0.5457831325301205 0.5200845665961945 0.5397590361445783 0.5221987315010571 0.5506024096385542 0.5369978858350951 0.553012048192771 0.53276955602537 0.5457831325301205 0.5200845665961945
0 0.6012048192771084 0.4904862579281184 0.5903614457831325 0.4883720930232558 0.5855421686746988 0.492600422832981 0.5903614457831325 0.5052854122621564 0.6048192771084338 0.5052854122621564 0.6012048192771084 0.4904862579281184
0 0.22409638554216868 0.5243128964059197 0.21566265060240963 0.5264270613107822 0.21445783132530122 0.5348837209302325 0.22048192771084338 0.5412262156448203 0.23132530120481928 0.53276955602537 0.22409638554216868 0.5243128964059197
0 0.3506024096385542 0.28118393234672306 0.3301204819277108 0.2959830866807611 0.3096385542168675 0.2727272727272727 0.2963855421686747 0.30021141649048627 0.2963855421686747 0.3276955602536998 0.3060240963855422 0.3298097251585624 0.3301204819277108 0.3192389006342495 0.3506024096385542 0.28118393234672306
0 0.3192771084337349 0.6215644820295984 0.3216867469879518 0.638477801268499 0.3301204819277108 0.6363636363636364 0.3253012048192771 0.6173361522198731 0.3192771084337349 0.6215644820295984
0 0.7855421686746988 0.7399577167019028 0.7867469879518072 0.758985200845666 0.8 0.7610993657505285 0.7939759036144578 0.7420718816067653 0.7855421686746988 0.7399577167019028
0 0.8216867469879519 0.8329809725158562 0.8337349397590361 0.8224101479915433 0.8168674698795181 0.8012684989429175 0.8216867469879519 0.8329809725158562
0 0.9265060240963855 0.904862579281184 0.927710843373494 0.8858350951374208 0.9192771084337349 0.8604651162790697 0.9156626506024096 0.8604651162790697 0.9156626506024096 0.8731501057082452 0.9216867469879518 0.9027484143763214 0.9265060240963855 0.904862579281184
0 0.5433734939759036 0.3361522198731501 0.5409638554216868 0.3403805496828753 0.5566265060240964 0.3488372093023256 0.5650602409638554 0.34460887949260044 0.5433734939759036 0.3361522198731501
0 0.42289156626506025 0.35517970401691334 0.42168674698795183 0.3657505285412262 0.43132530120481927 0.36152219873150104 0.43132530120481927 0.35517970401691334 0.42289156626506025 0.35517970401691334
0 0.45542168674698796 0.3361522198731501 0.4433734939759036 0.34460887949260044 0.4397590361445783 0.35306553911205074 0.4457831325301205 0.3572938689217759 0.4674698795180723 0.35517970401691334 0.45542168674698796 0.3361522198731501
0 0.3602409638554217 0.20930232558139536 0.3674698795180723 0.23255813953488372 0.37710843373493974 0.23044397463002114 0.3759036144578313 0.2156448202959831 0.3602409638554217 0.20930232558139536
0 0.42891566265060244 0.26849894291754756 0.42771084337349397 0.27906976744186046 0.4397590361445783 0.27906976744186046 0.43734939759036146 0.26849894291754756 0.42891566265060244 0.26849894291754756
0 0.708433734939759 0.24312896405919662 0.6975903614457831 0.23044397463002114 0.6771084337349398 0.24312896405919662 0.6855421686746987 0.26004228329809725 0.708433734939759 0.266384778012685 0.7048192771084337 0.2536997885835095 0.708433734939759 0.24312896405919662
0 0.5337349397590362 0.7991543340380549 0.5265060240963856 0.8033826638477801 0.5253012048192771 0.8160676532769556 0.5349397590361445 0.8266384778012685 0.5385542168674698 0.8054968287526427 0.5337349397590362 0.7991543340380549
0 0.3614457831325301 0.5750528541226215 0.3397590361445783 0.5856236786469344 0.3385542168674699 0.5961945031712473 0.3433734939759036 0.6025369978858351 0.3614457831325301 0.5983086680761099 0.3614457831325301 0.5750528541226215
0 0.28433734939759037 0.5391120507399577 0.28433734939759037 0.5454545454545454 0.29156626506024097 0.5433403805496829 0.29036144578313255 0.5369978858350951 0.28433734939759037 0.5391120507399577
0 0.3024096385542169 0.5560253699788583 0.2710843373493976 0.5539112050739958 0.2710843373493976 0.5792811839323467 0.2783132530120482 0.5856236786469344 0.3024096385542169 0.5708245243128964 0.3024096385542169 0.5560253699788583