0 0.5649438987951807 0.6300799048625794 0.566559034939759 0.6069974376321353 0.5396420662650603 0.5926778181818182 0.5282921951807229 0.598752577167019 0.5232363734939759 0.6189636828752643 0.534313778313253 0.6341306384778013 0.5544962060240964 0.6406091268498944 0.5649438987951807 0.6300799048625794
0 0.3822772939759036 0.8292877906976744 0.3877736072289157 0.802781467230444 0.3741365012048193 0.772152710359408 0.3446810240963855 0.7594161945031713 0.30377123493975905 0.7889426469344609 0.310758578313253 0.8799098794926005 0.3845433361445783 0.8489464038054968 0.3822772939759036 0.8292877906976744
0 0.4779004734939759 0.694397420718816 0.47517274698795176 0.6639891247357294 0.46858503614457836 0.6540495898520085 0.4551371493975903 0.6554122304439746 0.44708113373493974 0.6664567568710359 0.44666183614457833 0.6897968773784355 0.464305756626506 0.697858467230444 0.4779004734939759 0.694397420718816
0 0.406401421686747 0.6406516913319239 0.40474389759036145 0.629644355179704 0.39085551807228913 0.6373022156448203 0.40088391445783134 0.6501131141649049 0.406401421686747 0.6406516913319239
0 0.3933516373493976 0.601629310782241 0.3958689506024097 0.5830013065539111 0.3599937891566265 0.5752717484143763 0.35508479759036143 0.5933844503171247 0.3681133879518072 0.6153619281183932 0.37528842048192773 0.6169078393234673 0.3933516373493976 0.601629310782241
0 0.22161560722891566 0.8181025581395349 0.22740558072289158 0.7873994207188161 0.22440538674698796 0.7782328414376322 0.21139799156626504 0.7733002642706132 0.19108992771084335 0.7859650824524312 0.18318074216867472 0.7949112029598309 0.18427213975903614 0.831357065539112 0.19923072048192772 0.8431001649048626 0.20833574457831325 0.8344116955602537 0.22161560722891566 0.8181025581395349
0 0.5640842518072289 1 0.5747876674698795 0.9751375623678648 0.5783327951807229 0.9418207145877379 0.5658915265060241 0.9114496109936574 0.553639478313253 0.9130699048625793 0.5481219710843374 0.9225313276955603 0.5439683265060241 0.9471968985200846 0.5442806421686747 1 0.5640842518072289 1
0 0.5826332686746988 0.9150567378435518 0.5861995903614458 0.8987847906976744 0.5782692108433735 0.8906860084566597 0.5723112120481928 0.9064426511627907 0.5765072445783133 0.9158668837209303 0.5826332686746988 0.9150567378435518
0 0.6326631542168675 0.40823584355179704 0.6319078072289156 0.4016829725158563 0.6153128951807229 0.3959774397463002 0.6100890481927711 0.4012420507399577 0.6184811144578314 0.42009051585623675 0.6326631542168675 0.40823584355179704
0 0.5280393927710844 0.5156264735729387 0.5274308759036145 0.5069751966173361 0.5138149638554217 0.49339134249471456 0.5008287626506024 0.5055036680761099 0.5071228120481928 0.5196400169133192 0.5165426915662651 0.5237996384778013 0.5280393927710844 0.5156264735729387
0 0.33198389156626507 0.4030935496828753 0.3349416975903614 0.37817032769556025 0.325228156626506 0.3782075179704017 0.31240998072289156 0.4052663382663848 0.33198389156626507 0.4030935496828753
0 0.28864003614457834 0.39801489429175474 0.2914510108433735 0.3751900782241015 0.2699259144578313 0.3705523446088795 0.2484432060240964 0.40000441437632134 0.25622675421686747 0.4102016025369979 0.27431116626506025 0.4119679746300211 0.28864003614457834 0.39801489429175474
0 0.228472721686747 0.5639749429175476 0.22830469759036143 0.5490284482029598 0.20336010843373495 0.5585642536997886 0.1959126096385542 0.5782600570824524 0.21131168313253013 0.5837079365750529 0.228472721686747 0.5639749429175476
0 0.2096950156626506 0.4853776871035941 0.21206549879518072 0.46884808879492595 0.19996028072289154 0.468369976744186 0.19414911204819277 0.4820282135306554 0.2096950156626506 0.4853776871035941
0 0.22653966987951807 0.3313838837209302 0.22981233012048194 0.31930875052854124 0.21216840963855424 0.3112471606765328 0.1917135156626506 0.3260103868921776 0.18202116987951808 0.3430924799154334 0.18338503373493975 0.3582966257928118 0.18907056626506025 0.36378169767441865 0.2017631060240964 0.3558661860465116 0.22653966987951807 0.3313838837209302
0 0.13370626987951806 0.42640453699788583 0.1300975590361446 0.4085866807610994 0.1244120265060241 0.4031016088794926 0.109180978313253 0.41260022198731505 0.10039081084337349 0.4341367801268499 0.13370626987951806 0.42640453699788583
0 0.5675610614457831 0.21102553488372092 0.5650013590361446 0.1955637357293869 0.551091786746988 0.1861766934460888 0.5141888108433734 0.19313598097251586 0.501496269879518 0.20105149260042285 0.5018111253012049 0.21389958139534884 0.5586028686746988 0.21761559619450316 0.5675610614457831 0.21102553488372092
0 0.35258408674698793 0.26481919873150106 0.3583952554216867 0.25116096194503174 0.3428493518072289 0.24781148837209302 0.33196116746987947 0.2646359302325581 0.35258408674698793 0.26481919873150106
0 0.4553853602409639 0.374300177589852 0.45865802048192766 0.3622250422832981 0.44296528674698793 0.3609739746300211 0.435370956626506 0.38276818393234674 0.4553853602409639 0.374300177589852
0 0.48171653734939757 0.5184261395348837 0.48125485060240963 0.5076764566596195 0.47288397951807226 0.5058728921775898 0.46946448915662653 0.5200464334038055 0.48171653734939757 0.5184261395348837
0 0.45899560120481925 0.5135307526427061 0.4531632373493976 0.5101440866807612 0.44510722289156623 0.5211886131078224 0.44720523855421684 0.5259007293868921 0.45899560120481925 0.5135307526427061
0 0.415609356626506 0.4743622938689218 0.4111196626506024 0.46913487315010566 0.4002102831325301 0.4689144122621564 0.3955949530120482 0.48283030232558144 0.40994501807228917 0.4859221247357294 0.415609356626506 0.4743622938689218
0 0.7809910771084337 0.595687200845666 0.7803825602409639 0.5870359238900634 0.7721585192771084 0.583133953488372 0.7643961650602409 0.58998166807611 0.7745713915662651 0.6006941606765327 0.7809910771084337 0.595687200845666
0 0.714063434939759 0.3725230613107822 0.7159722325301204 0.3452437801268499 0.7047268024096385 0.31513032769556026 0.6827824084337349 0.33383271458773783 0.6634809638554218 0.3147637885835095 0.6811672722891566 0.3569151818181818 0.7043498951807229 0.37256025158562367 0.714063434939759 0.3725230613107822
0 0.6673667325301205 0.675578088794926 0.6709330554216867 0.6593061416490487 0.665247521686747 0.6538210697674418 0.6591426927710844 0.6716761183932347 0.6673667325301205 0.675578088794926
0 0.19740363975903616 0.6957336152219873 0.19992095421686748 0.6771056109936575 0.19140325180722892 0.6774004545454545 0.18410258313253014 0.6949978498942918 0.19740363975903616 0.6957336152219873
0 0.1575852481927711 0.7617059281183932 0.16457106144578315 0.7312604418604651 0.14636101325301204 0.7486373784355179 0.1575852481927711 0.7617059281183932
0 0.06240103012048193 0.7688883615221987 0.05881351325301205 0.7681154059196617 0.04868067590361446 0.7914927188160676 0.04855503975903614 0.8106360253699788 0.053485225301204815 0.8095682283298097 0.061520046987951806 0.781478799154334 0.06240103012048193 0.7688883615221987
0 0.4704271879518072 0.3328101649048626 0.4683291722891566 0.32809804862579284 0.4462167530120482 0.33185393868921775 0.4542939626506024 0.33785431501057084 0.4704271879518072 0.3328101649048626
0 0.5870532566265061 0.383498577167019 0.5865915710843373 0.37274889429175473 0.5782207 0.37094532980972517 0.5777802084337349 0.37724054968287524 0.5870532566265061 0.383498577167019
0 0.5699966590361446 0.36704336152219874 0.5669964650602409 0.35787678012684987 0.5556254 0.34690663636363633 0.5423455373493976 0.3632157737843552 0.5637238048192771 0.36995191331923893 0.5699966590361446 0.36704336152219874
0 0.6501163240963855 0.26289331923890064 0.658906491566265 0.24135676109936577 0.6429200963855423 0.24430250528541228 0.6406964445783133 0.2587336976744186 0.6501163240963855 0.26289331923890064
0 0.5870941144578313 0.29617566173361526 0.5866324289156627 0.2854259788583509 0.5782615578313253 0.28362241437632135 0.5751357277108434 0.29359914164904866 0.5870941144578313 0.29617566173361526
0 0.33250609999999997 0.22215250105708245 0.34205161566265063 0.20716881395348838 0.3226033397590361 0.19019829386892176 0.3109598084337349 0.2004698646934461 0.3138131722891566 0.21173485200845668 0.30934467228915663 0.22355233403805497 0.33250609999999997 0.22215250105708245
0 0.452936221686747 0.8083010422832981 0.4526213662650602 0.7954529534883722 0.44573999518072294 0.7897102304439746 0.4405161481927711 0.7949748414376321 0.44263535903614454 0.8167318583509514 0.452936221686747 0.8083010422832981
0 0.6535616012048193 0.6300028372093023 0.6530999156626507 0.619253154334038 0.6323089710843374 0.6041233890063424 0.630693834939759 0.6272058583509513 0.6483377554216867 0.6352674482029598 0.6535616012048193 0.6300028372093023
0 0.7108982771084338 0.591235422832981 0.7113387686746987 0.5849402029598308 0.7055064060240964 0.5815535369978858 0.7038700759036145 0.5875911057082452 0.7108982771084338 0.591235422832981
0 0.7217032144578314 0.6276440930232557 0.7234651819277108 0.6024632177589853 0.692226543373494 0.5978626744186046 0.6911987301204818 0.6125515179704017 0.7140876903614457 0.632393399577167 0.7217032144578314 0.6276440930232557