0 0.2479731 0.5609536640926641 0.27237020256410255 0.8898302277992277 0.2847412641025641 0.928771305019305 0.30007878717948716 0.933036027027027 0.33664200256410254 0.8760731621621621 0.33951896153846156 0.8491176332046332 0.3309198564102564 0.7060127142857143 0.3031665205128205 0.666667335907336 0.30604348205128207 0.639711806949807 0.29358291794871794 0.6084915598455598 0.2655163358974359 0.5961690926640927 0.25849644615384615 0.5380607027027027 0.2479731 0.5609536640926641
0 0.33895601282051285 0.4552204555984556 0.351148076923077 0.509603193050193 0.36635135128205126 0.5254491621621621 0.37687469743589747 0.5025562007722008 0.38276286666666665 0.43706389961389963 0.37277651794871797 0.41363186872586877 0.33895601282051285 0.4552204555984556
0 0.367457117948718 0.20882767953667952 0.37177904871794876 0.2784499305019305 0.38459760769230766 0.27878685328185326 0.39543420256410255 0.22887098069498069 0.39169402051282054 0.10906332432432432 0.37878596153846156 0.11644723552123552 0.367457117948718 0.20882767953667952
0 0.3760562256410256 0.3519326023166023 0.3809151512820513 0.37522986486486487 0.3893222846153846 0.3136653629343629 0.3760562256410256 0.3519326023166023
0 0.4307574 0.5001108455598455 0.44335221025641025 0.5197498416988416 0.4587792333333333 0.5162937297297298 0.46948157948717945 0.4779591081081081 0.44766116410256407 0.3692610115830116 0.4345293564102564 0.39594700386100384 0.43111539743589744 0.4692275173745174 0.4307574 0.5001108455598455
0 0.4993381538461539 0.3358649459459459 0.49574519743589746 0.4245871235521235 0.5212480666666667 0.4368422084942085 0.5368093384615384 0.4218048494208494 0.5716143384615385 0.29528711583011585 0.5201610974358974 0.30938110424710424 0.4993381538461539 0.3358649459459459
0 0.6466462076923077 0.4594460965250965 0.6487624230769231 0.4981176370656371 0.6664846589743589 0.5178914015444015 0.6976519512820514 0.4839562664092664 0.7058353333333334 0.4416938455598456 0.6908558102564102 0.4065457992277992 0.6726413282051282 0.4292366061776062 0.6676481512820513 0.4175205907335907 0.6466462076923077 0.4594460965250965
0 0.5562132666666666 0.7389654015444016 0.5609379435897436 0.7738439111969112 0.5817608871794872 0.7473600694980695 0.5769467128205128 0.72020238996139 0.5562132666666666 0.7389654015444016
0 0.8347628846153846 0.8235185521235521 0.8501451564102563 0.8239228532818532 0.8658406769230769 0.7973042471042471 0.8584180384615384 0.7739395984555985 0.8349866333333333 0.8042164710424711 0.8347628846153846 0.8235185521235521
0 0.8363868512820514 0.9046546679536679 0.8414247743589743 0.9125102664092664 0.8519033717948719 0.893477722007722 0.8363868512820514 0.9046546679536679
0 0.43010495128205123 0.11393449806949807 0.4317736692307692 0.1912101969111969 0.44184951794871796 0.20692139382239383 0.4437290076923077 0.044783930501930504 0.43010495128205123 0.11393449806949807
0 0.4609401974358974 0.5511048571428571 0.45536527692307693 0.5895742471042471 0.4631459128205128 0.5820555675675675 0.4609401974358974 0.5511048571428571
0 0.17009021794871793 0.8639723822393822 0.17234068205128206 0.8910626756756757 0.18052406666666668 0.8488002548262549 0.17009021794871793 0.8639723822393822