0 0.21251075829383886 0.3624694213836478 0.2085567203791469 0.3546637358490566 0.19942391232227488 0.3623908427672956 0.19983697274881518 0.37074467714884696 0.21251075829383886 0.3624694213836478
0 0.2433024845971564 0.35980725157232707 0.23920077369668247 0.37306886792452826 0.2522876184834123 0.3731474465408805 0.2622909573459716 0.35897224737945493 0.2638254881516588 0.34189914675052413 0.257820595971564 0.34072427044025155 0.2433024845971564 0.35980725157232707
0 0.5185371552132702 0.7065226037735849 0.5303992654028435 0.7299396582809224 0.538469460900474 0.7728837044025157 0.5420104372037915 0.7723355555555556 0.5481630035545024 0.7524431299790356 0.5571925473933649 0.7426275639412997 0.5714452713270142 0.6941234465408804 0.5683473187203791 0.6314696918238994 0.5794721267772512 0.5918675597484276 0.6098063850710901 0.6040073165618449 0.6464408838862559 0.5751873459119498 0.6610034028436019 0.532948605870021 0.6579643056872038 0.49553906918238994 0.6527266789099525 0.48582764150943397 0.6335316753554503 0.4824857295597484 0.621876095971564 0.46324559329140463 0.6017072973933649 0.4642633144654088 0.5870022760663507 0.48758411740041924 0.5744121374407584 0.4895330943396226 0.5787792345971564 0.5056926121593291 0.5510266042654028 0.5457643165618449 0.5329086623222749 0.5401512306079664 0.5215184680094787 0.5503322285115304 0.5218427097156398 0.6049975828092243 0.5297063732227488 0.6437647106918238 0.5222702156398105 0.6617513941299791 0.5252504573459716 0.67391671278826 0.5179175651658768 0.6939918532494759 0.5185371552132702 0.7065226037735849
0 0.40369138033175356 0.7411364842767296 0.41729455094786727 0.7516573542976939 0.4225765876777251 0.7382130209643606 0.4164539834123223 0.6865497085953879 0.40034248815165874 0.697461572327044 0.40369138033175356 0.7411364842767296
0 0.43620865047393365 0.8455338469601676 0.44919223104265404 0.843523966457023 0.4177664668246446 0.7852554067085954 0.3842598838862559 0.805173392033543 0.3722056895734597 0.8259793983228512 0.3678974478672986 0.8350640985324947 0.36969736374407586 0.8474121341719079 0.39263987322274885 0.8543828134171907 0.3985559478672986 0.901869209643606 0.4155968293838863 0.9097534716981132 0.43620865047393365 0.8455338469601676
0 0.4198816362559242 1 0.42003722867298576 0.9995571865828092 0.41991951777251185 0.9490687505241091 0.41329503436018955 0.9353631236897274 0.38405228317535545 0.9693521698113208 0.3592065924170616 0.9479449958071279 0.3486869289099526 0.9516779035639413 0.3411475059241706 0.9675761278825996 0.3362785296208531 0.9893742935010482 0.3368039241706161 1 0.4198816362559242 1
0 0.2845271990521327 0.06301230817610064 0.2825796078199052 0.07173157442348009 0.2881270308056872 0.08770837735849057 0.29669910426540286 0.09269473794549266 0.3070122381516588 0.0847849140461216 0.3072631777251185 0.065806071278826 0.2845271990521327 0.06301230817610064
0 0.5809954218009479 0.021327398322851153 0.5755068554502369 0.030594815513626833 0.5738690604265403 0.04557945702306079 0.580390278436019 0.05719662473794549 0.5935803886255925 0.05936366247379455 0.597991894549763 0.0523674213836478 0.5930052073459716 0.023677150943396227 0.5809954218009479 0.021327398322851153
0 0.8257770533175355 0.473770251572327 0.8186951007109005 0.4748665492662474 0.8191081611374407 0.4832203836477988 0.8470373578199052 0.5188813333333333 0.8711746398104265 0.5740692746331237 0.880927037914692 0.5788729182389938 0.8494424182464455 0.49536014046121596 0.8257770533175355 0.473770251572327
0 0.9171329597156398 0.6616548322851152 0.8920363305687203 0.659226501048218 0.8826525817535545 0.6859324507337526 0.882608172985782 0.7090882117400419 0.8931422831753555 0.753755283018868 0.9097701042654028 0.7532857106918238 0.9292604561611375 0.7144930209643606 0.9284787452606635 0.6746295932914046 0.9171329597156398 0.6616548322851152
0 0.925497433649289 0.8308199685534592 0.9157006244075829 0.8491720838574424 0.9170430710900473 0.8763220440251572 0.9299822417061612 0.8974679245283018 0.9507117748815166 0.8837367358490565 0.949162798578199 0.852409857442348 0.9424350497630332 0.8366157714884696 0.925497433649289 0.8308199685534592
0 0.6649552997630331 0.8774656771488469 0.6469994774881516 0.8991852662473794 0.6397698507109004 0.9213488679245283 0.6435318033175356 0.9733776121593292 0.6801218933649289 0.9677134025157232 0.6900219668246446 0.9514497463312368 0.6910401706161137 0.9239343522012579 0.670960191943128 0.8786405534591195 0.6649552997630331 0.8774656771488469
0 0.6423092097156398 0.6600047002096436 0.6272747736966824 0.6686453899371069 0.6247664478672985 0.6900781236897274 0.6301073400473934 0.7018780104821803 0.6466318969194313 0.6993199790356394 0.6601762120853081 0.6845966310272537 0.6559123803317536 0.6705255702306079 0.6423092097156398 0.6600047002096436
0 0.6754161078199052 0.8484885534591194 0.6749586374407582 0.8632904779874214 0.6858469526066351 0.8910671656184487 0.6929289063981042 0.8899708679245283 0.6958502914691943 0.876891966457023 0.6904505438388626 0.8398478637316562 0.6754161078199052 0.8484885534591194
0 0.7258314146919431 0.7375664150943396 0.715828077014218 0.7517416142557652 0.717421462085308 0.7599127316561844 0.7351263447867299 0.7571719832285115 0.7405116457345973 0.745816109014675 0.7377379348341232 0.7378277085953879 0.7258314146919431 0.7375664150943396
0 0.9288217144549763 0.10427214884696016 0.9473527180094787 0.11823906918238994 0.9540804656398104 0.13403315513626834 0.9831311327014218 0.14426716981132073 0.9825115426540284 0.13173641928721175 0.9605428281990521 0.12040610482180293 0.949093778436019 0.10534288679245282 0.948312066350711 0.0654794570230608 0.9368630165876778 0.05041623899371069 0.9006271315165876 0.039190062893081766 0.891243383886256 0.06589601257861635 0.8945334206161137 0.08432670649895178 0.9017186386255924 0.08531886582809224 0.905982470379147 0.09938992662473795 0.9066609170616113 0.13716489517819708 0.9129167488151659 0.11936092872117401 0.9288217144549763 0.10427214884696016
0 0.8963178199052133 0.2166304570230608 0.8982210011848342 0.2310669496855346 0.9119274372037914 0.24367627882599582 0.8963178199052133 0.2166304570230608
0 0.8599786694312797 0.20331582389937108 0.8560246327014218 0.19551014046121593 0.8490459454976303 0.19869489727463313 0.8482786800947868 0.20723144654088052 0.8599786694312797 0.20331582389937108
0 0.9076935675355451 0.15804948008385744 0.9089327488151658 0.18311098322851155 0.9175048222748815 0.18809734381551363 0.9076935675355451 0.15804948008385744
0 0.798868201421801 0.07388251991614256 0.7882452725118483 0.07552696855345913 0.7853238862559242 0.0886058679245283 0.7905615142180095 0.09831729559748428 0.813666144549763 0.13262065199161424 0.8194645059241706 0.12961861215932913 0.8139614928909953 0.0904860503144654 0.798868201421801 0.07388251991614256
0 0.6575089774881517 0.17362960587002096 0.6650039905213271 0.180887142557652 0.6754203898104265 0.1750657777777778 0.679625366113744 0.1638926184486373 0.6581729774881516 0.16300459748427673 0.6575089774881517 0.17362960587002096
0 0.709989586492891 0.10447663731656184 0.716201009478673 0.1098284318658281 0.7445288210900475 0.10544323689727464 0.7340535663507108 0.08602038364779874 0.7115241172985781 0.08740353668763103 0.709989586492891 0.10447663731656184
0 0.725009575829384 0.04743597064989517 0.7149473815165877 0.03636695178197065 0.6983195604265403 0.036836522012578615 0.7001194763033176 0.04918455765199162 0.725009575829384 0.04743597064989517
0 0.8638017950236967 0 0.8644356563981043 0.004808129979035639 0.8768585011848341 0.015511714884696017 0.8923059976303318 0.015224859538784068 0.8965109739336493 0.004051702306079665 0.9082109632701422 0.0001360796645702306 0.9080323921800947 0 0.8638017950236967 0
0 0.9781744087677725 0.044021163522012574 0.9766254312796209 0.012694285115303983 0.9624615260663507 0.014886882599580712 0.9607204656398104 0.027783067085953878 0.9781744087677725 0.044021163522012574
0 0.8444578720379147 0.1299584821802935 0.8474381125592416 0.14212380083857443 0.8607314881516587 0.14637929559748428 0.8613954881516588 0.13575428721174004 0.8527201504739336 0.1286794675052411 0.8444578720379147 0.1299584821802935
0 0.8466564016587678 0.10226037316561845 0.8435284857819905 0.11116235639412998 0.8476890533175355 0.12314495807127883 0.8628267535545023 0.11659272746331237 0.8692891161137442 0.10296567714884697 0.8613810426540284 0.08735430817610063 0.8466564016587678 0.10226037316561845
0 0.9211913329383886 0.5031932809224319 0.9085619573459716 0.48831277777777776 0.8937340509478674 0.5011303836477987 0.8867109549763034 0.5274708993710692 0.8892337263033175 0.554438144654088 0.9076614644549763 0.566316605870021 0.9226958992890996 0.5576759182389938 0.9297189964454976 0.5313354004192873 0.9211913329383886 0.5031932809224319
0 0.9409026611374408 0.5169774842767296 0.9388518056872038 0.5236082935010482 0.9495335900473933 0.5472080628930817 0.9661614123222749 0.5467384926624738 0.9693925936018957 0.5399249664570231 0.9539895059241706 0.5170560628930817 0.9409026611374408 0.5169774842767296
0 0.9498144928909952 0.45667348218029347 0.9361669123222749 0.46930837316561846 0.936889768957346 0.4839275828092243 0.9458749028436019 0.49726777568134173 0.9648633755924171 0.4964327714884696 0.9738929182464455 0.4866172075471698 0.9655717843601895 0.4626520041928721 0.9498144928909952 0.45667348218029347
0 0.43622630924170613 0.3888667421383648 0.44541797274881517 0.4063838532494759 0.4556278412322275 0.396385572327044 0.4496673590047393 0.37205493501048215 0.4369935734597157 0.38033019287211745 0.43622630924170613 0.3888667421383648
0 0.2882880817535545 0.283396748427673 0.2816635983412322 0.2696911215932914 0.2701701386255924 0.27778366037735847 0.2767946220379147 0.29148928721174006 0.2882880817535545 0.283396748427673
0 0.0977538009478673 0.3507717798742138 0.09015552251184834 0.341425786163522 0.07276043601895735 0.3504319098532495 0.07553414691943128 0.3584203102725367 0.0977538009478673 0.3507717798742138
0 0.09914172748815166 0.18641028721174002 0.10539755924170616 0.16860632075471696 0.08626141232227488 0.19050862683438155 0.08313349644549763 0.19941061006289307 0.09914172748815166 0.18641028721174002
0 0.12920952843601896 0.3374846037735849 0.1379292760663507 0.3214036624737946 0.12150798459715641 0.32605015094339623 0.1208439845971564 0.3366751593291405 0.12920952843601896 0.3374846037735849
0 0.3181948317535545 0.23878269182389936 0.32194233886255924 0.24241146121593293 0.3393374253554502 0.23340533752620543 0.3339965331753555 0.22160545283018868 0.3200391575829384 0.22797496855345914 0.3181948317535545 0.23878269182389936
0 0.21404635781990522 0.17704062683438157 0.22050872037914693 0.16341357651991617 0.20891199644549763 0.16941765828092245 0.2093250568720379 0.1777714926624738 0.21404635781990522 0.17704062683438157
0 0.3023786848341232 0.2075599538784067 0.30314595023696683 0.1990234046121593 0.29821811729857817 0.19557735220125785 0.2908852251184834 0.21565249475890985 0.3023786848341232 0.2075599538784067
0 0.316587 0.1822115974842767 0.3309574360189574 0.18419591614255765 0.3220755663507109 0.17294418029350103 0.3161739395734597 0.17385776310272538 0.316587 0.1822115974842767
0 0.38590196090047396 0.11676597274633124 0.3825086587677725 0.096246821802935 0.37327258530805685 0.10188546960167716 0.3730216457345971 0.12086431236897274 0.38590196090047396 0.11676597274633124
0 0.4402691646919431 0.3503609077568134 0.4361085971563981 0.33837830607966457 0.42579546327014217 0.34628812997903563 0.42287407701421803 0.3593670293501048 0.4402691646919431 0.3503609077568134
0 0.48389465639810425 0.7034675471698113 0.49569791113744077 0.7016403836477987 0.504314394549763 0.6834709832285116 0.5037980687203791 0.6730286918238995 0.4865062464454976 0.6841232704402516 0.48389465639810425 0.7034675471698113
0 0.8360436374407583 0.8257275765199161 0.83285686492891 0.8093853396226415 0.8248011172985783 0.8148412725366876 0.8291682144549763 0.8310007903563942 0.8360436374407583 0.8257275765199161
0 0.7561678139810427 0.41299478406708595 0.7548253672985783 0.3858448238993711 0.7479499443127963 0.391118037735849 0.747595740521327 0.4080084234800838 0.7561678139810427 0.41299478406708595
0 0.47628514336492894 0.1406544926624738 0.4734081670616114 0.13057763312368972 0.465249154028436 0.133945106918239 0.46822939454976303 0.1461104255765199 0.47628514336492894 0.1406544926624738
0 0.4987557369668246 0.11402712159329141 0.5026065082938388 0.11974434800838575 0.5132294372037914 0.11809989937106918 0.5113262559241707 0.10366340670859539 0.500703327014218 0.10530785324947589 0.4987557369668246 0.11402712159329141
0 0.5212263293838862 0.08739974842767297 0.5183493530805687 0.07732288888888889 0.5080362191943129 0.08523271278825996 0.5050115687203791 0.09622315513626835 0.5212263293838862 0.08739974842767297
0 0.6197148981042654 0 0.6216428139810426 0.025557331236897275 0.6346263945497631 0.023547450733752622 0.6389346350710902 0.014462750524109015 0.6358746362559241 0 0.6197148981042654 0
0 0.3967314206161137 0.11929844234800839 0.40099525236966826 0.1333695031446541 0.41526242298578203 0.13326536477987422 0.3967314206161137 0.11929844234800839
0 0.4985481362559242 0.27820589727463313 0.4935170390995261 0.2726713878406709 0.47022032464454977 0.28259109224318657 0.4706333850710901 0.290944926624738 0.4985481362559242 0.27820589727463313
0 0.5316405876777252 0.41828977148846963 0.5410387819905214 0.4399838008385744 0.5417027819905214 0.4293587903563941 0.5316405876777252 0.41828977148846963
0 0.4277863933649289 0.4827687966457023 0.4249094158767772 0.4726919371069182 0.41675040284360193 0.47605941090146753 0.417473259478673 0.49067862054507333 0.4277863933649289 0.4827687966457023