0 0.3793956279069768 0.23841740926640928 0.37560647545219633 0.21841097297297296 0.3664075762273902 0.20143722393822394 0.35044843410852716 0.20669542084942086 0.35166776227390184 0.22629827027027027 0.36627640826873387 0.24023933590733593 0.3793956279069768 0.23841740926640928
0 0.4595157571059431 0.7246371891891892 0.45964692764857884 0.6858350772200772 0.4300283669250646 0.7005949073359073 0.4335474186046511 0.7244411969111969 0.4595157571059431 0.7246371891891892
0 0.4407244521963824 0.8070960308880308 0.4420749483204135 0.7878967644787644 0.42692610335917314 0.7816354054054054 0.42070605943152456 0.7961876447876448 0.4407244521963824 0.8070960308880308
0 0.5551316847545219 0.658125749034749 0.5455237596899225 0.6100295907335906 0.5232056408268734 0.5948777683397684 0.5198255193798449 0.6059937413127413 0.5428227648578812 0.6484281196911197 0.5310618010335917 0.7048151583011583 0.5504010671834625 0.6884409845559846 0.597468196382429 0.6841859536679537 0.5985485943152454 0.6688265444015444 0.564600684754522 0.6712596447876448 0.5551316847545219 0.658125749034749
0 0.6937787726098191 0.7924858146718147 0.7104092842377262 0.7407457992277993 0.6936320826873384 0.6837591814671814 0.6634655633074935 0.6324343436293437 0.5943504160206718 0.6176977027027026 0.582720622739018 0.6352826254826255 0.5973292687338502 0.649223694980695 0.59936665374677 0.7310713590733591 0.6475219405684755 0.7852212895752896 0.6409006253229974 0.842415498069498 0.6515889509043928 0.8751522432432433 0.673636968992248 0.8941439189189189 0.7207041007751938 0.8898888880308881 0.7066356537467701 0.8682681119691119 0.705547496124031 0.8098631505791506 0.6937787726098191 0.7924858146718147
0 0.5892185271317829 0.6906549073359073 0.5931388475452196 0.6718592277992278 0.5743397803617571 0.6805536911196911 0.5892185271317829 0.6906549073359073
0 0.5604102635658915 0.6938951776061776 0.5674406072351421 0.6678233783783784 0.5554017855297158 0.6542858957528958 0.5529631317829458 0.6150801969111969 0.5214461136950904 0.5829546254826256 0.5164453953488373 0.6171097142857143 0.539172542635659 0.663383945945946 0.5307917028423773 0.7086550115830116 0.5604102635658915 0.6938951776061776
0 0.7512641291989663 0.8248073822393822 0.747474976744186 0.8048009498069498 0.7300264082687339 0.7942961505791506 0.7261060878552972 0.8130918301158302 0.7512641291989663 0.8248073822393822
0 0.8685423255813953 0.967458332046332 0.8750324702842377 0.9490662355212355 0.8552841757105943 0.934318 0.8510937571059431 0.9569535328185328 0.8685423255813953 0.967458332046332
0 0.8738053824289406 0.8556990115830116 0.8725860568475453 0.8360961621621621 0.8594668372093024 0.8379180926640926 0.8583864392764858 0.8532775019305019 0.8738053824289406 0.8556990115830116
0 0.6190839069767442 0.4507620965250965 0.6173243824289406 0.43883895366795367 0.5939258656330749 0.4390465444015444 0.6190839069767442 0.4507620965250965
0 0.6906144315245478 0.2834113166023166 0.686555180878553 0.2672447335907336 0.6760057855297158 0.2694702471042471 0.6746552894056848 0.28866951351351355 0.6906144315245478 0.2834113166023166
0 0.42175541602067185 0.4857707374517375 0.42026598966408263 0.4700077413127413 0.4099866950904393 0.4683934015444015 0.41147612144702844 0.4841563976833977 0.42175541602067185 0.4857707374517375