0 0.28331282051282053 0.4042776216216216 0.3044770102564102 0.3565397915057915 0.29147719743589745 0.21418987258687258 0.2846470717948718 0.188899722007722 0.24051125641025642 0.14578184942084943 0.22620394102564104 0.15513253281853284 0.21996737948717948 0.19726599613899615 0.24532663076923075 0.5259774942084943 0.25900025641025637 0.544719138996139 0.257159382051282 0.4857222239382239 0.28266575897435897 0.4642086023166023 0.29014294615384617 0.42956776833976834 0.28331282051282053 0.4042776216216216
0 0.35352851538461544 0.5410634555984556 0.3497732025641026 0.5981821814671814 0.3889398307692308 0.6272488532818532 0.3951697076923077 0.6010347142857143 0.3796485179487179 0.539215471042471 0.3659748923076923 0.5204738262548262 0.35352851538461544 0.5410634555984556
0 0.4081628333333333 0.7593039575289575 0.4143525846153846 0.8286057606177606 0.43919183589743593 0.9147810888030888 0.45287215128205127 0.9176034131274132 0.4386183358974359 0.7995995096525096 0.4206025230769231 0.7546336525096525 0.4081628333333333 0.7593039575289575
0 0.40260677179487175 0.6619098223938223 0.40135276923076924 0.6862558416988417 0.41999558461538467 0.7190486872586872 0.40260677179487175 0.6619098223938223
0 0.45740158974358974 0.49808656370656373 0.4418536512820513 0.4999446138996139 0.43251552307692304 0.5233464980694981 0.43747802564102567 0.5533170231660232 0.45175190000000004 0.6235629575289575 0.4685337769230769 0.645116861003861 0.4735564666666667 0.531813471042471 0.45740158974358974 0.49808656370656373
0 0.5071202205128205 0.5749212741312741 0.5238753461538461 0.660152471042471 0.5481210358974359 0.6789041891891892 0.600361041025641 0.6752082239382239 0.5475475358974359 0.56372261003861 0.530138658974359 0.5543417142857142 0.5071202205128205 0.5749212741312741
0 0.6949829256410256 0.4486820115830116 0.6595448615384615 0.4261739073359073 0.6452308589743591 0.45144391505791504 0.6489460461538461 0.48984113127413126 0.6756729871794872 0.523578111969112 0.6787879256410256 0.5104710424710425 0.6999253641025641 0.5264105057915057 0.7092701769230769 0.4870892972972973 0.6949829256410256 0.4486820115830116
0 0.5420784102564102 0.2593772702702703 0.5427120999999999 0.23128493822393822 0.5184664102564103 0.2125332200772201 0.5190733461538461 0.24811818146718145 0.5420784102564102 0.2593772702702703
0 0.7778523102564102 0.07137918146718146 0.7809538743589743 0.09011076061776062 0.8083078153846154 0.11167472972972974 0.8120497512820514 0.0863946525096525 0.7927799384615384 0.06577481467181467 0.7778523102564102 0.07137918146718146
0 0.5131762179487179 0.9626095482625483 0.4871230923076923 0.8052642972972973 0.47965258974358976 0.823985803088803 0.4895709051282051 0.8998461776061776 0.5131762179487179 0.9626095482625483
0 0.44312771282051283 0.4278406293436293 0.45430671538461537 0.4634356602316602 0.4518321512820513 0.43253107335907337 0.44312771282051283 0.4278406293436293
0 0.12231749230769232 0.22994807335907336 0.12417174358974359 0.2571063436293436 0.1366047435897436 0.26835535907335906 0.12231749230769232 0.22994807335907336