0 0.8451785569105691 0.43037715606060606 0.8640930447154471 0.40991421060606065 0.8575869735772358 0.3752720787878788 0.8678506524390245 0.3475609454545454 0.8630465670731707 0.33712801515151514 0.7690146280487804 0.41818039090909087 0.7818312804878049 0.42678305909090913 0.799567024390244 0.41850401212121213 0.8309704126016261 0.43093223333333336 0.8451785569105691 0.43037715606060606
0 0.3270125203252033 0.6159988287878788 0.327863512195122 0.6281034287878788 0.31183838211382114 0.6317639545454545 0.3207019369918699 0.6420382924242424 0.3366206951219512 0.6368646909090909 0.3722962987804878 0.6521604696969697 0.37517702642276424 0.6641857727272727 0.34023740650406503 0.6883092424242424 0.3566880325203252 0.6907010181818182 0.3719685467479675 0.6764489666666667 0.40551667479674797 0.661483243939394 0.4668342154471545 0.6651566378787879 0.48584644512195124 0.675034490909091 0.5248369024390245 0.6795801499999999 0.5573126605691057 0.6783114 0.6006903394308943 0.6584099666666666 0.6098902784552845 0.6155680833333333 0.623779300813008 0.6104737803030302 0.6491107459349593 0.565484446969697 0.7044627174796748 0.5132533606060605 0.7186794918699186 0.48387055909090915 0.7452874227642277 0.4570381272727273 0.7200709837398374 0.4747128121212121 0.6979480162601626 0.5074389515151515 0.6672806158536585 0.5344299772727273 0.4194402195121951 0.54107805 0.4130318943089431 0.5367767151515151 0.37231356097560975 0.5945050242424242 0.34026329878048783 0.6018260742424243 0.3270125203252033 0.6159988287878788
0 0.7351732723577236 0.3421237196969697 0.7578281077235772 0.31696295606060604 0.7607174654471545 0.3001605363636364 0.7493986768292682 0.28391319545454546 0.7265397256097561 0.2772200863636364 0.6815578069105691 0.30325311515151515 0.6795194410569105 0.33216013484848483 0.690519105691057 0.3438682515151515 0.7191481422764228 0.34578424545454545 0.7351732723577236 0.3421237196969697
0 0.6269418211382114 0.39490345151515155 0.6605963231707317 0.38145080303030304 0.6682897662601626 0.37508131515151516 0.6653026666666667 0.3615429363636364 0.6392438658536586 0.33828529848484845 0.6026022642276423 0.3381995681818182 0.5832622825203252 0.35261021212121213 0.578024069105691 0.364952703030303 0.5854961341463415 0.3843847878787879 0.6269418211382114 0.39490345151515155
0 0.12821351219512195 0.5964552772727273 0.11945632926829268 0.5876940136363636 0.07640640243902438 0.5833069484848485 0.08505721138211382 0.5905551363636363 0.12821351219512195 0.5964552772727273
0 0.7602688800813008 0.7280371545454546 0.7369844329268292 0.7152917454545454 0.5675677073170732 0.6794279893939394 0.5596615162601627 0.6827713272727273 0.5952307479674797 0.6965540303030303 0.6797263617886179 0.7114597590909091 0.7462734837398375 0.7316183833333333 0.7602688800813008 0.7280371545454546
0 0.7352738191056911 0.7199102666666667 0.7483032195121951 0.7315390863636363 0.7582391463414634 0.7281164515151515 0.7352738191056911 0.7199102666666667
0 0.8815987784552846 0.4562644590909091 0.881279656504065 0.45172523484848487 0.8691012479674798 0.4522010151515152 0.8656800203252033 0.4614380590909091 0.8815987784552846 0.4562644590909091
0 0.6684766219512195 0.46459063484848484 0.6720042215447155 0.45686666515151514 0.6617491727642277 0.45575007424242425 0.6543748516260163 0.4666587878787879 0.6684766219512195 0.46459063484848484
0 0.05707505081300813 0.5688898712121212 0.0607090243902439 0.5626789772727273 0.046394506097560975 0.5617209803030303 0.04682000203252032 0.5677732803030303 0.05707505081300813 0.5688898712121212
0 0.0290842581300813 0.5760523272727273 0.02865876219512195 0.5700000272727272 0.005906184959349594 0.5648199924242424 0.006544426829268293 0.5738984439393939 0.0290842581300813 0.5760523272727273
0 0.33156070528455284 0.7675442242424242 0.3312415833333333 0.7630049984848485 0.3172461890243903 0.7665862272727273 0.31959504471544714 0.7710461560606061 0.33156070528455284 0.7675442242424242
0 0.5418193983739837 0.6895373 0.5543169288617886 0.693600743939394 0.5560275426829269 0.6889822212121213 0.5418193983739837 0.6895373
0 0.2935707682926829 0.6324776257575757 0.2950686321138211 0.6248329545454545 0.2827838495934959 0.6237956606060606 0.2811796117886179 0.6299272575757575 0.2935707682926829 0.6324776257575757