0 0.15 0.621875 0.1625 0.615625 0.1671875 0.61875 0.221875 0.5765625 0.240625 0.5734375 0.228125 0.559375 0.2796875 0.5203125 0.3078125 0.484375 0.5875 0.4671875 0.609375 0.446875 0.6328125 0.409375 0.6671875 0.4046875 0.69375 0.3765625 0.7015625 0.3765625 0.6875 0.3671875 0.6625 0.325 0.6671875 0.3171875 0.6578125 0.3140625 0.640625 0.328125 0.6078125 0.340625 0.5515625 0.3375 0.525 0.325 0.496875 0.3203125 0.4515625 0.3203125 0.40625 0.3421875 0.409375 0.371875 0.3765625 0.3921875 0.3703125 0.403125 0.3765625 0.4109375 0.290625 0.4828125 0.2875 0.496875 0.2421875 0.5421875 0.20625 0.565625 0.178125 0.565625 0.1671875 0.55625 0.15 0.55625 0.134375 0.5671875 0.1296875 0.578125 0.1359375 0.6140625 0.121875 0.6390625 0.1265625 0.65 0.15 0.621875
0 0.4125 0.634375 0.4078125 0.6125 0.36875 0.6 0.3453125 0.6046875 0.3234375 0.61875 0.325 0.6375 0.3515625 0.659375 0.3875 0.6578125 0.4125 0.634375
0 0.3078125 0.6890625 0.3109375 0.659375 0.2953125 0.6453125 0.2546875 0.6484375 0.2234375 0.6828125 0.221875 0.6890625 0.2359375 0.709375 0.2640625 0.7125 0.3078125 0.6890625
0 0.9734375 0.4421875 0.978125 0.4515625 0.9984375 0.4546875 0.9984375 0.44375 0.9734375 0.4421875
0 0.946875 0.45625 0.9609375 0.453125 0.946875 0.4484375 0.946875 0.45625
0 0.9265625 0.4265625 0.8796875 0.4171875 0.8796875 0.425 0.915625 0.4359375 0.93125 0.434375 0.9265625 0.4265625
0 0.4578125 0.3015625 0.45 0.309375 0.46875 0.3109375 0.4734375 0.30625 0.4578125 0.3015625
0 0.384375 0.29375 0.3515625 0.2875 0.3484375 0.290625 0.35625 0.29375 0.39375 0.3015625 0.384375 0.29375
0 0.2703125 0.259375 0.2578125 0.259375 0.275 0.2734375 0.3125 0.278125 0.2796875 0.26875 0.2703125 0.259375
0 0.6859375 0.2390625 0.6875 0.246875 0.703125 0.240625 0.7015625 0.2359375 0.6859375 0.2390625
0 0.665625 0.2703125 0.65 0.26875 0.6453125 0.2734375 0.6484375 0.2796875 0.665625 0.275 0.665625 0.2703125
0 0.684375 0.365625 0.68125 0.3734375 0.6984375 0.3921875 0.7561677625 0.39662828906250003 0.740625 0.3921875 0.728125 0.3765625 0.684375 0.365625