0 0.2948717948717949 0.3861003861003861 0.3076923076923077 0.3552123552123552 0.30512820512820515 0.3281853281853282 0.3333333333333333 0.28957528957528955 0.3435897435897436 0.14671814671814673 0.34102564102564104 0.11969111969111969 0.30512820512820515 0.06177606177606178 0.28974358974358977 0.06563706563706563 0.27692307692307694 0.10424710424710425 0.24871794871794872 0.43243243243243246 0.258974358974359 0.4555984555984556 0.26666666666666666 0.39768339768339767 0.2948717948717949 0.3861003861003861
0 0.3769230769230769 0.4942084942084942 0.36666666666666664 0.47104247104247104 0.35128205128205126 0.4864864864864865 0.3384615384615385 0.5405405405405406 0.3717948717948718 0.583011583011583 0.382051282051282 0.5598455598455598 0.3769230769230769 0.4942084942084942
0 0.3923076923076923 0.7683397683397684 0.382051282051282 0.7181467181467182 0.36923076923076925 0.7181467181467182 0.3641025641025641 0.7876447876447876 0.37435897435897436 0.8803088803088803 0.3871794871794872 0.888030888030888 0.3923076923076923 0.7683397683397684
0 0.37435897435897436 0.6447876447876448 0.3871794871794872 0.6833976833976834 0.37948717948717947 0.6216216216216216 0.37435897435897436 0.6447876447876448
0 0.4461538461538462 0.6293436293436293 0.46923076923076923 0.5212355212355212 0.45897435897435895 0.4826254826254826 0.44358974358974357 0.47876447876447875 0.4307692307692308 0.4980694980694981 0.4307692307692308 0.528957528957529 0.43333333333333335 0.6023166023166023 0.4461538461538462 0.6293436293436293
0 0.5358974358974359 0.5791505791505791 0.5205128205128206 0.5637065637065637 0.4948717948717949 0.5752895752895753 0.49743589743589745 0.6640926640926641 0.517948717948718 0.6911196911196911 0.5692307692307692 0.7065637065637066 0.5358974358974359 0.5791505791505791
0 0.6897435897435897 0.5984555984555985 0.7051282051282052 0.5637065637065637 0.6974358974358974 0.5212355212355212 0.6666666666666666 0.4864864864864865 0.6487179487179487 0.5057915057915058 0.6461538461538462 0.5444015444015444 0.6666666666666666 0.5868725868725869 0.6717948717948717 0.5752895752895753 0.6897435897435897 0.5984555984555985
0 0.5641025641025641 0.2277992277992278 0.558974358974359 0.2625482625482625 0.5794871794871795 0.28185328185328185 0.5846153846153846 0.2548262548262548 0.5641025641025641 0.2277992277992278
0 0.8692307692307693 0.21235521235521235 0.8538461538461538 0.18532818532818532 0.8384615384615385 0.18532818532818532 0.8384615384615385 0.20463320463320464 0.8615384615384616 0.23552123552123552 0.8692307692307693 0.21235521235521235
0 0.841025641025641 0.10424710424710425 0.8564102564102564 0.11583011583011583 0.8461538461538461 0.09652509652509653 0.841025641025641 0.10424710424710425
0 0.4282051282051282 0.806949806949807 0.4256410256410256 0.8841698841698842 0.43846153846153846 0.9536679536679536 0.43846153846153846 0.7915057915057915 0.4282051282051282 0.806949806949807
0 0.46153846153846156 0.44787644787644787 0.4641025641025641 0.416988416988417 0.4564102564102564 0.4092664092664093 0.46153846153846156 0.44787644787644787
0 0.17435897435897435 0.1274131274131274 0.18461538461538463 0.14285714285714285 0.17692307692307693 0.10038610038610038 0.17435897435897435 0.1274131274131274