0 0.550487684375 0.3785571859375 0.5359622078124999 0.4136901203125 0.530687959375 0.45737326874999995 0.5679298078125 0.4627640265625 0.5784665546875 0.5004758296875 0.57495169375 0.5157003625 0.5867798343749999 0.520034703125 0.5959125953125 0.5429899687499999 0.61453351875 0.5456853484375 0.6535347578125 0.522617490625 0.66970115625 0.4734309921875 0.6650192453125 0.44508888437499994 0.645815775 0.4101870109375 0.62028555625 0.40268929531250003 0.591360903125 0.3751647109375 0.605068859375 0.3157890359375 0.5889142125 0.239897434375 0.556233846875 0.298100184375 0.550487684375 0.3785571859375
0 0.657535240625 0.324694653125 0.6567138 0.34214461093750004 0.664091090625 0.35186579375 0.6735772953125 0.35245225625 0.6911457203125 0.3388686453125 0.6936061234374999 0.328211471875 0.6823644453125 0.3143909265625 0.6671399140625 0.310876065625 0.657535240625 0.324694653125
0 0.726776028125 0.04561771875 0.7149420125 0.1038224265625 0.716697484375 0.1170565109375 0.737658384375 0.14434611875 0.73625048125 0.17128228125 0.746672678125 0.1817064359375 0.763307071875 0.1374387828125 0.7532363609375 0.125492175 0.76670738125 0.0949266015625 0.7660083265625001 0.0562788078125 0.726776028125 0.04561771875
0 1 0.1441737421875 0.9909760000000001 0.1515138921875 0.9791439437499999 0.1888722515625 0.9820703828124999 0.20398027500000002 0.993898521875 0.20831461562500003 1 0.20276175468750002 1 0.1441737421875
0 0.9235024359375 0.31874681250000003 0.9176436828125001 0.351069815625 0.9225605703124999 0.3714481703125 0.9343887093750001 0.3757825125 0.95207364375 0.36864020000000003 0.962849284375 0.35669555000000003 0.968591528125 0.3179312484375 0.95582935625 0.282912865625 0.946108175 0.29029015468749997 0.93884739375 0.287010271875 0.9235024359375 0.31874681250000003
0 0.8179616640624999 0.53973163125 0.8177266875000001 0.5476953828125 0.8507546218750001 0.5296628796875 0.8947970906249999 0.450029275 0.8791026046875 0.4624419203125 0.84595424375 0.5157258234375 0.8179616640624999 0.53973163125
0 0.8933872296875001 0.49781178906249995 0.8961952 0.5273248625 0.9040404843750001 0.541964890625 0.9279337 0.521823471875 0.937656840625 0.49359983124999995 0.9280560843749999 0.4657257203125 0.9080292156249999 0.4691201546875 0.8994790015625 0.4783713828125 0.8933872296875001 0.49781178906249995
0 0.945502125 0.5082398593749999 0.9467896015624999 0.5165550984375 0.955924321875 0.5186640140625001 0.9690418953125001 0.51046724375 0.9760696578125 0.5008645296875 0.9758366390625 0.48798193124999995 0.95616125625 0.4898539125 0.945502125 0.5082398593749999
0 0.9367149749999999 0.546301190625 0.933668109375 0.5664445687499999 0.947838184375 0.5745267890625 0.9580273609375001 0.5720683453125 0.972902365625 0.5562593078125 0.9734888296875001 0.5467731031249999 0.9618956656250001 0.534475009375 0.9471391296875 0.5358789953125 0.9367149749999999 0.546301190625
0 0.43373265781250003 0.2938725578125 0.4361911015625 0.3040617359375 0.4439198765625 0.312260465625 0.44954169374999997 0.30874756406250004 0.4641856390625 0.25920957968749997 0.45938526093750004 0.2452725234375 0.4459162 0.254991746875 0.43373265781250003 0.2938725578125
0 0.43034997500000005 0.1487675890625 0.4264836296875 0.165514575 0.436435871875 0.191866234375 0.45646078125 0.20931815 0.468288921875 0.213652490625 0.47613616406250003 0.20744616875 0.4889042109375 0.1799255015625 0.5082300671875 0.158729625 0.5006178 0.15697219375 0.4912500625 0.14198068125000002 0.49418041874999996 0.11539600312500001 0.48727308281250004 0.0897473171875 0.465488784375 0.10075401718749999 0.4548276953125 0.139986315625 0.43034997500000005 0.1487675890625
0 0.4239398828125 0 0.42099398906249996 0.008697975 0.42216299843750005 0.0314182640625 0.43117925 0.047932232812499996 0.4406654546875 0.0485186953125 0.46385569843749996 0.0314221828125 0.4745128703125 0.033882584375000004 0.4822396875 0.06292766250000001 0.49359983124999995 0.062343159375 0.5015655421874999 0.0417317859375 0.5055142953125 0 0.4239398828125 0
0 0.78068651875 0.8887288234374999 0.78677633125 0.8901347671875 0.799190934375 0.8849829031249999 0.8001288828125 0.87397424375 0.7846693734375 0.8784231359374999 0.78068651875 0.8887288234374999
0 0.8240142640625001 0.937218225 0.8168680343749999 0.9612259906249999 0.8248298281249999 0.9823073171875001 0.8644155703124999 0.9705996046875001 0.87624566875 0.9540875953124999 0.8733192296875 0.9389795718749999 0.8880777249999999 0.9167292375 0.8969794265625 0.9059555546875 0.9199346937499999 0.89682279375 0.92274658125 0.88464316875 0.9164217906250001 0.8912009765625 0.8940529875 0.8908475328125001 0.8863222546875 0.903495153125 0.86196104375 0.9187177265625 0.8570421984375001 0.919185721875 0.841819625 0.8948245109374999 0.8475559921875 0.9185992593750001 0.8401767453125 0.9297244265625 0.8240142640625001 0.937218225
0 0.7149821359375 0.9232713765625 0.7163861218750001 0.9380279125 0.7348905375 0.93428199375 0.7456661765625 0.92233734375 0.754453328125 0.8842760140625 0.74988596875 0.88322155625 0.7149821359375 0.9232713765625
0 0.604083903125 0.82711009375 0.6005690421875001 0.8423346265625 0.6210639062500001 0.8438590390625 0.616615015625 0.8283995296875 0.604083903125 0.82711009375
0 0.6410849 0.9030036546875 0.639443978125 0.9170572203124999 0.6444793343749999 0.9230305234375 0.6604068375 0.9235004765625 0.675984815625 0.9046465343750001 0.650103109375 0.8986712718750001 0.6410849 0.9030036546875
0 0.3350698421875 0.8532013140625001 0.3300325296875 0.8680743609375 0.348771921875 0.8563646874999999 0.3483039265625 0.8514458421875 0.3350698421875 0.8532013140625001
0 0.4024112296875 0.8462978953125001 0.40030231250000003 0.855432615625 0.409085546875 0.8590639843749999 0.412716915625 0.8502807515624999 0.4024112296875 0.8462978953125001
0 0.4299299375 0.87991229375 0.43273986718749996 0.8885790171875 0.4422260734375 0.8891654796875 0.4442184796875 0.8735894625 0.4299299375 0.87991229375
0 0.498552925 0.9438631624999999 0.49281263906249995 0.9617811156249999 0.4976130171875 0.9757181718749999 0.5093246484375 0.9736112140625 0.5198672703125 0.9487839671874999 0.517057340625 0.9401172437499999 0.498552925 0.9438631624999999
0 0.21033931093749997 0.8933598093749999 0.2061214796875 0.9116292484375 0.230364221875 0.910811725 0.2335275953125 0.8971096468749999 0.22837573125000002 0.8846950437500001 0.21033931093749997 0.8933598093749999
0 0.7804515421875 0.896692575 0.7776396531249999 0.9088722015625 0.7874753859375 0.9287825609375 0.8009444468750001 0.9190633375000001 0.7914602000000001 0.8976305234374999 0.7804515421875 0.896692575
0 0.8961143578125 1 0.8998999890625001 0.983602628125 0.8852599624999999 0.9914479125 0.88157599375 1 0.8961143578125 1
0 0.6178907390624999 0.9617928671874999 0.6191782156250001 0.97010810625 0.642249990625 0.96741664375 0.6458813609375 0.9586334109375001 0.62386404375 0.9567575125 0.6178907390624999 0.9617928671874999
0 0.4224616015625 0.5927472625 0.41601834374999996 0.6137101203124999 0.42374711875 0.62190885 0.42936893749999994 0.6183959484375 0.43733464843750003 0.597784575 0.433002265625 0.588766365625 0.4224616015625 0.5927472625
0 0.17628629843750002 0.603264421875 0.173474409375 0.6154440484375 0.18565403593750002 0.6182559359375001 0.18506953125 0.606895790625 0.17628629843750002 0.603264421875
0 0.21610505937500002 0.60443930625 0.2171575578125 0.620718296875 0.2337860765625 0.6389896937499999 0.23694945 0.625287615625 0.22594275000000003 0.603503315625 0.21610505937500002 0.60443930625
0 0.2309702703125 0.6928620203125 0.230032321875 0.703870678125 0.2418604609375 0.7082050203125 0.24760074687500003 0.6902870671875 0.2309702703125 0.6928620203125
0 0.2709016234375 0.742170903125 0.27031516093749997 0.7516571078125 0.2810888421875 0.760558809375 0.2897555671875 0.7577488796875 0.291512996875 0.7501366140625 0.279568346875 0.7393609734375 0.2709016234375 0.742170903125
0 0.2420895625 0.7627803171875 0.24279057656249997 0.7805817609375 0.24700645 0.783158671875 0.24911536562499997 0.774023953125 0.2420895625 0.7627803171875
0 0.2576616640625 0.8064654250000001 0.26375147656250003 0.8078713687500001 0.27276968749999997 0.8035389859375 0.2730046640625 0.795575234375 0.2597705796875 0.7973307046875 0.2576616640625 0.8064654250000001
0 0.305673278125 0.8624505843750001 0.30180693125 0.8791975687500001 0.3132835859375 0.8850543640625 0.31597896406250003 0.8664334390624999 0.305673278125 0.8624505843750001
0 0.04523489375 0.608288025 0.047341851562499995 0.61999965625 0.0640888375 0.6238660015625 0.068423178125 0.6120378625 0.04523489375 0.608288025
0 0.0914929953125 0.63019275 0.08903259375 0.6408499234375 0.1032026671875 0.6489321421875001 0.0975828078125 0.63159869375 0.0914929953125 0.63019275
0 0.0271847640625 0.7628772406250001 0.028472240625 0.7711924781249999 0.0452172671875 0.795905175 0.04381328125 0.7811486375000001 0.0271847640625 0.7628772406250001
0 0.1480430734375 0.80200478125 0.151555975 0.8076265984375001 0.1572943015625 0.8105549968749999 0.1602226984375 0.80481666875 0.1531968953125 0.793573034375 0.1480430734375 0.80200478125
0 0.397043975 0.6333835453125001 0.3968089984375 0.641347296875 0.40231234843749997 0.652239446875 0.41285301093750004 0.64825855 0.4130879875 0.6402947984375 0.403836759375 0.6317445828125 0.397043975 0.6333835453125001
0 0.73351593125 0.60683020625 0.7296495843749999 0.6235771921875 0.7362073921875 0.62990198125 0.7421826546875 0.6040202765625 0.73351593125 0.60683020625
0 0.7607184078125 0.26673275625000004 0.7682122062500001 0.2828952375 0.7826172578125 0.2830137046875 0.785897140625 0.27575292500000004 0.780393790625 0.2648607765625 0.7670431984375 0.2601749484375 0.7607184078125 0.26673275625000004
0 0.88205450625 0.20654739218749998 0.8814680421875 0.2160335984375 0.886854884375 0.2204844484375 0.8924767015624999 0.21697154687500003 0.893298140625 0.1995215890625 0.88205450625 0.20654739218749998
0 0.550284534375 1 0.5542952734375 0.9872007015625 0.5476209562500001 0.9744346125 0.5362608109375 0.9750191171875 0.5313936765625 1 0.550284534375 1
0 0.41591162812500004 0.503037071875 0.41157728593750004 0.5148652125 0.41661264062500003 0.520838515625 0.4237569125 0.5176771 0.42352389375 0.5047945015625 0.41591162812500004 0.503037071875
0 0.5180540484375 0.303718084375 0.518287065625 0.3166006828125 0.52531286875 0.32784431718749996 0.5344475890625 0.329953234375 0.529765678125 0.3016111265625 0.5180540484375 0.303718084375