0 0.22560975609756098 0.5712121212121212 0.21341463414634146 0.5621212121212121 0.1951219512195122 0.5696969696969697 0.16463414634146342 0.556060606060606 0.15040650406504066 0.556060606060606 0.13008130081300814 0.5757575757575758 0.13414634146341464 0.6106060606060606 0.12195121951219512 0.6378787878787879 0.12601626016260162 0.6484848484848484 0.22560975609756098 0.5712121212121212
0 0.5833333333333334 0.4621212121212121 0.5894308943089431 0.4666666666666667 0.6341463414634146 0.4106060606060606 0.6666666666666666 0.40454545454545454 0.6808943089430894 0.39090909090909093 0.6808943089430894 0.3787878787878788 0.6971544715447154 0.37575757575757573 0.6890243902439024 0.36515151515151517 0.6727642276422764 0.3696969696969697 0.6382113821138211 0.353030303030303 0.6361788617886179 0.3409090909090909 0.6727642276422764 0.3181818181818182 0.6565040650406504 0.3151515151515151 0.6402439024390244 0.3287878787878788 0.6056910569105691 0.3424242424242424 0.5447154471544715 0.33636363636363636 0.5264227642276422 0.32575757575757575 0.4878048780487805 0.3196969696969697 0.45528455284552843 0.3196969696969697 0.4105691056910569 0.3378787878787879 0.3983739837398374 0.3803030303030303 0.38414634146341464 0.38484848484848483 0.3556910569105691 0.4287878787878788 0.2967479674796748 0.47878787878787876 0.2804878048780488 0.5075757575757576 0.25203252032520324 0.5333333333333333 0.2784552845528455 0.5166666666666667 0.30284552845528456 0.48484848484848486 0.3353658536585366 0.4590909090909091 0.5833333333333334 0.4621212121212121
0 0.3048780487804878 0.6893939393939394 0.3089430894308943 0.6606060606060606 0.29878048780487804 0.6484848484848484 0.2703252032520325 0.6454545454545455 0.2540650406504065 0.6484848484848484 0.22967479674796748 0.6727272727272727 0.22560975609756098 0.6893939393939394 0.23577235772357724 0.706060606060606 0.258130081300813 0.7136363636363636 0.3048780487804878 0.6893939393939394
0 0.3861788617886179 0.6575757575757576 0.4065040650406504 0.6439393939393939 0.41260162601626016 0.6318181818181818 0.4065040650406504 0.6121212121212121 0.36585365853658536 0.6 0.3313008130081301 0.6121212121212121 0.3231707317073171 0.6181818181818182 0.3252032520325203 0.6318181818181818 0.34959349593495936 0.656060606060606 0.3861788617886179 0.6575757575757576
0 0.8780487804878049 0.41818181818181815 0.8861788617886179 0.42727272727272725 0.9288617886178862 0.43333333333333335 0.9207317073170732 0.4257575757575758 0.8780487804878049 0.41818181818181815
0 0.4532520325203252 0.3151515151515151 0.4186991869918699 0.3 0.3353658536585366 0.2818181818181818 0.2703252032520325 0.2590909090909091 0.25609756097560976 0.26212121212121214 0.2784552845528455 0.27575757575757576 0.4451219512195122 0.3181818181818182 0.4532520325203252 0.3151515151515151
0 0.258130081300813 0.26212121212121214 0.2804878048780488 0.27121212121212124 0.2682926829268293 0.2590909090909091 0.258130081300813 0.26212121212121214
0 0.11585365853658537 0.5287878787878788 0.11585365853658537 0.5333333333333333 0.12804878048780488 0.5333333333333333 0.13211382113821138 0.5242424242424243 0.11585365853658537 0.5287878787878788
0 0.32926829268292684 0.5287878787878788 0.3252032520325203 0.5363636363636364 0.3353658536585366 0.5378787878787878 0.3434959349593496 0.5272727272727272 0.32926829268292684 0.5287878787878788
0 0.9471544715447154 0.4484848484848485 0.943089430894309 0.45454545454545453 0.9573170731707317 0.45606060606060606 0.9573170731707317 0.45 0.9471544715447154 0.4484848484848485
0 0.975609756097561 0.44242424242424244 0.975609756097561 0.4484848484848485 0.9979674796747967 0.45454545454545453 0.9979674796747967 0.44545454545454544 0.975609756097561 0.44242424242424244
0 0.6869918699186992 0.23939393939393938 0.6869918699186992 0.24393939393939393 0.7012195121951219 0.2409090909090909 0.6991869918699187 0.23636363636363636 0.6869918699186992 0.23939393939393938
0 0.4573170731707317 0.3090909090909091 0.4715447154471545 0.3090909090909091 0.45934959349593496 0.30454545454545456 0.4573170731707317 0.3090909090909091
0 0.7154471544715447 0.37575757575757573 0.7134146341463414 0.38333333333333336 0.725609756097561 0.38484848484848483 0.7276422764227642 0.3787878787878788 0.7154471544715447 0.37575757575757573