0 0.6692506459948321 0.23166023166023167 0.6537467700258398 0.22393822393822393 0.6434108527131783 0.23938223938223938 0.6382428940568475 0.25868725868725867 0.6511627906976745 0.2625482625482625 0.6666666666666666 0.25096525096525096 0.6692506459948321 0.23166023166023167
0 0.5271317829457365 0.6911196911196911 0.524547803617571 0.7297297297297297 0.5503875968992248 0.7335907335907336 0.5555555555555556 0.7104247104247104 0.5271317829457365 0.6911196911196911
0 0.537467700258398 0.7953667953667953 0.537467700258398 0.8146718146718147 0.5581395348837209 0.806949806949807 0.5529715762273901 0.7915057915057915 0.537467700258398 0.7953667953667953
0 0.39018087855297157 0.667953667953668 0.43669250645994834 0.6795366795366795 0.45478036175710596 0.6988416988416989 0.4470284237726098 0.640926640926641 0.4728682170542636 0.6023166023166023 0.4702842377260982 0.5907335907335908 0.4470284237726098 0.6023166023166023 0.43410852713178294 0.6486486486486487 0.42377260981912146 0.6602316602316602 0.39018087855297157 0.6525096525096525 0.39018087855297157 0.667953667953668
0 0.2532299741602067 0.8532818532818532 0.2997416020671835 0.8648648648648649 0.32299741602067183 0.8494208494208494 0.3359173126614987 0.8185328185328186 0.3333333333333333 0.7606177606177607 0.3850129198966408 0.7142857142857143 0.39276485788113696 0.6332046332046332 0.4082687338501292 0.6216216216216216 0.3979328165374677 0.6023166023166023 0.3281653746770026 0.6061776061776062 0.29457364341085274 0.6525096525096525 0.2739018087855297 0.7065637065637066 0.2868217054263566 0.7606177606177607 0.2739018087855297 0.7760617760617761 0.268733850129199 0.833976833976834 0.2532299741602067 0.8532818532818532
0 0.3979328165374677 0.6756756756756757 0.4134366925064599 0.667953667953668 0.3953488372093023 0.6563706563706564 0.3979328165374677 0.6756756756756757
0 0.4754521963824289 0.6138996138996139 0.4728682170542636 0.5791505791505791 0.4392764857881137 0.6061776061776062 0.43410852713178294 0.6447876447876448 0.42118863049095606 0.6563706563706564 0.4263565891472868 0.6833976833976834 0.45478036175710596 0.7027027027027027 0.4496124031007752 0.6563706563706564 0.4754521963824289 0.6138996138996139
0 0.23255813953488372 0.7644787644787645 0.22739018087855298 0.7837837837837838 0.2532299741602067 0.7760617760617761 0.25064599483204136 0.7567567567567568 0.23255813953488372 0.7644787644787645
0 0.09560723514211886 0.888030888030888 0.10077519379844961 0.9073359073359073 0.11886304909560723 0.8996138996138996 0.11627906976744186 0.8764478764478765 0.09560723514211886 0.888030888030888
0 0.10594315245478036 0.7760617760617761 0.10335917312661498 0.7953667953667953 0.11886304909560723 0.7953667953667953 0.11886304909560723 0.7799227799227799 0.10594315245478036 0.7760617760617761
0 0.3850129198966408 0.43243243243243246 0.4108527131782946 0.4247104247104247 0.3875968992248062 0.42084942084942084 0.3850129198966408 0.43243243243243246
0 0.330749354005168 0.23938223938223938 0.32558139534883723 0.2548262548262548 0.34108527131782945 0.2625482625482625 0.34108527131782945 0.24324324324324326 0.330749354005168 0.23938223938223938
0 0.5813953488372093 0.4826254826254826 0.5788113695090439 0.4980694980694981 0.5891472868217055 0.4980694980694981 0.5917312661498708 0.4826254826254826 0.5813953488372093 0.4826254826254826