0 0.4171412456140351 0.2707117736486486 0.4045620526315789 0.255675652027027 0.3843726390977444 0.26587124662162165 0.37304421303258145 0.296755097972973 0.36780828822055134 0.3753077027027027 0.3889939899749374 0.33399396283783783 0.41125664912280707 0.3525276385135135 0.4180443909774436 0.34448662837837835 0.4171412456140351 0.2707117736486486
0 0.46011474937343355 0.2372675337837838 0.43266273684210527 0.24483996283783782 0.4292455789473685 0.2750837162162162 0.44424563909774434 0.29099422635135136 0.45116061904761906 0.32147227364864867 0.46975164411027565 0.2932115878378378 0.46897573684210525 0.25795579391891893 0.46011474937343355 0.2372675337837838
0 0.34935697744360905 0.2462288918918919 0.3367312130325814 0.28363927027027025 0.35173127067669174 0.2995497804054054 0.3688511503759398 0.29174305743243245 0.3795309072681704 0.26412246959459457 0.3755116516290727 0.24518298986486484 0.34935697744360905 0.2462288918918919
0 0.34173427819548874 0.4673191587837838 0.3514643157894737 0.41837021621621623 0.3435530476190476 0.41901031418918916 0.32945613283208025 0.47687465878378377 0.34173427819548874 0.4673191587837838
0 0.18980929072681704 0.6572744628378379 0.17506370927318296 0.7184020709459459 0.1937819724310777 0.7286604425675676 0.210426992481203 0.7101895472972973 0.22145436842105262 0.6547140777027027 0.20775164912280703 0.6322770405405405 0.18980929072681704 0.6572744628378379
0 0.2891579724310777 0.588231402027027 0.2883354912280702 0.6054221047297297 0.29706924060150375 0.5875913040540541 0.2891579724310777 0.588231402027027
0 0.25113182456140354 0.3226728682432432 0.24546761152882204 0.3381147939189189 0.26431311528822055 0.386892222972973 0.28467633834586464 0.36276918918918916 0.2851977694235589 0.32098686824324324 0.2695490401002506 0.30833962162162165 0.25113182456140354 0.3226728682432432
0 0.0927542380952381 0.6886728547297297 0.0847963984962406 0.7417594527027027 0.09205899749373435 0.7443826182432433 0.12007901503759398 0.6425813682432432 0.14702207518796992 0.48093270945945943 0.14123062406015038 0.4578555777027027 0.16565967418546365 0.40022552364864866 0.16795330325814536 0.36258085472972973 0.14906122807017544 0.3662499222972973 0.11991768421052632 0.46065025675675675 0.07175482456140352 0.520200597972973 0.06072744611528822 0.5756760675675675 0.0695884335839599 0.5963643277027028 0.056314 0.6370379662162162 0.06824452380952381 0.6553373513513514 0.07680446115288221 0.6514339932432432 0.0927542380952381 0.6886728547297297
0 0.13461669423558897 0.4519691486486487 0.13786004010025063 0.43565283445945946 0.12687923558897243 0.4386818040540541 0.12121502255639098 0.45412372972972975 0.13461669423558897 0.4519691486486487
0 0.12657818796992482 0.4140901858108108 0.15627725563909775 0.42131958783783785 0.17521590476190477 0.36520402027027027 0.15891850626566417 0.35582003716216215 0.13855528320802005 0.3799430709459459 0.12657818796992482 0.4140901858108108
0 0.19145425062656643 0.6228930574324324 0.20745059899749374 0.6076854222972973 0.2172272105263158 0.5062899797297297 0.23746319799498747 0.4436478885135135 0.18722709273182958 0.47446896283783785 0.17464789974937342 0.4594328412162162 0.15670554385964913 0.4844302635135135 0.14844665413533834 0.5129252398648649 0.1619755639097744 0.5492897162162163 0.15306800250626568 0.5810479594594594 0.1680680626566416 0.5969584662162162 0.1749830426065163 0.6274365135135135 0.19145425062656643 0.6228930574324324
0 0.2558213634085213 0.677619695945946 0.2354581378446115 0.7017427297297297 0.21721473182957393 0.7021485337837838 0.2170409223057644 0.7160759763513513 0.2368827142857143 0.7337352601351352 0.26368606015037593 0.729426097972973 0.2558213634085213 0.677619695945946
0 0.40259108771929825 0.6571825506756757 0.41387294235588973 0.678745195945946 0.44681535839598996 0.6696582837837838 0.41711628822055136 0.6624288817567567 0.40890396992481204 0.6384773614864865 0.40259108771929825 0.6571825506756757