0 0.4189091824034335 0.763520027027027 0.40281548283261803 0.6547414247104246 0.38105438626609445 0.6296696216216215 0.35941833690987124 0.6553808996138996 0.38029738841201716 0.7197953745173745 0.38086345708154506 0.7509071158301158 0.40195316094420597 0.7683519806949807 0.4189091824034335 0.763520027027027
0 0.3758477339055794 0.767972972972973 0.36613226180257513 0.7316502702702703 0.34984763090128757 0.7441091583011583 0.3598987982832618 0.7842453320463321 0.3758477339055794 0.767972972972973
0 0.4413022296137339 0.647683 0.4168555643776824 0.5921034478764479 0.3946534463519313 0.5867029845559846 0.38674150214592273 0.6202307027027026 0.41018107939914167 0.6643698455598456 0.44086120815450647 0.667354335907336 0.4413022296137339 0.647683
0 0.514622508583691 0.7401537644787645 0.5065855193133048 0.7228984015444015 0.4783605879828326 0.72312338996139 0.481381856223176 0.7574446061776062 0.514622508583691 0.7401537644787645
0 0.41706621459227466 0.5451338378378379 0.4112540515021459 0.5037896795366795 0.38514862446351933 0.5034106718146718 0.38816989270386265 0.537731888030888 0.36162344420600856 0.5570242162162162 0.36185381545064377 0.5843224903474904 0.37769742274678114 0.5915349382239382 0.41706621459227466 0.5451338378378379
0 0.4091345493562232 0.5043936756756756 0.4017689527896996 0.49476525096525104 0.4009922339055794 0.5106231196911196 0.4091345493562232 0.5043936756756756
0 0.34577983476394847 0.5498117683397684 0.3419818497854077 0.5313484208494208 0.29869003004291844 0.5085030926640927 0.2841892060085837 0.5165445212355213 0.28620338197424894 0.539425332046332 0.3002631845493562 0.5510552393822394 0.3026130600858369 0.5777495212355213 0.29369402575107295 0.599836833976834 0.30909661373390557 0.6267206177606177 0.3357483884120172 0.5839434826254827 0.34577983476394847 0.5498117683397684
0 0.42139082403433475 0.44617316216216213 0.41692144849785406 0.4200828764478764 0.40141353433476396 0.4166838996138996 0.3963978111587983 0.43374975675675675 0.42139082403433475 0.44617316216216213
0 0.3741956931330472 0.42834928957528956 0.3697263175965665 0.4022590038610038 0.35879310729613734 0.4014655057915058 0.35835208583690986 0.4211368416988417 0.3741956931330472 0.42834928957528956
0 0.3921390858369099 0.36068986100386097 0.39079630042918456 0.34543598455598457 0.37663117167381976 0.3572908803088803 0.3921390858369099 0.36068986100386097
0 0.4105234978540772 0.27335909266409264 0.38273959012875536 0.25391274131274133 0.3579769484978541 0.26878760617760616 0.3952459570815451 0.29725838610038613 0.4118662832618026 0.28861296525096525 0.4105234978540772 0.27335909266409264
0 0.32576310300429184 0.37178673745173746 0.3111372339055794 0.3290450888030888 0.26115120815450643 0.30419827027027024 0.2536802854077253 0.3180546525096525 0.27900899356223174 0.33429152895752895 0.2879477489270386 0.38647210038610036 0.30658225321888416 0.40070749034749037 0.32576310300429184 0.37178673745173746
0 0.3404745772532189 0.31677570270270267 0.3366765944206008 0.2983123552123552 0.3197205708154507 0.303144305019305 0.32106335622317594 0.31839818146718146 0.3404745772532189 0.31677570270270267
0 0.31279599570815453 0.2738445444015444 0.2955042746781116 0.2748630308880309 0.30108606652360514 0.28890891505791505 0.31279599570815453 0.2738445444015444
0 0.13142051072961372 0.36071324710424707 0.12974203004291845 0.3416459034749035 0.08210587768240343 0.3434933667953668 0.06393211587982833 0.3838545250965251 0.09316413304721029 0.39506994594594597 0.11402346566523605 0.3852165366795367 0.13142051072961372 0.36071324710424707
0 0.3526462210300429 1 0.35649567167381974 0.9923991003861004 0.34812298712446355 0.9713302741312742 0.3315026587982833 0.9799756949806949 0.33326538197424893 1 0.3526462210300429 1
0 0.30972856437768237 0.4858117837837838 0.3023629678111588 0.4761833629343629 0.29210115021459226 0.4830168030888031 0.30013813948497853 0.5002721621621622 0.30972856437768237 0.4858117837837838