0 0.6517923772609819 0.7223912586872586 0.6580667131782946 0.7409497992277992 0.6692641343669251 0.7549890115830116 0.6842585968992249 0.7452773359073359 0.6805584056847546 0.7263822895752896 0.6644379018087856 0.7168624054054054 0.6517923772609819 0.7223912586872586
0 0.5110544780361758 0.26794762934362937 0.5158807105943153 0.3060742355212355 0.5430702790697675 0.2831410810810811 0.5365707338501292 0.26073623166023163 0.5110544780361758 0.26794762934362937
0 0.5189706201550388 0.18164623166023167 0.5200966640826874 0.20087778764478764 0.5357667519379845 0.20270505019305018 0.5400142093023256 0.1866467837837838 0.5189706201550388 0.18164623166023167
0 0.42568873126614987 0.36049797683397683 0.44126196899224807 0.4049711698841699 0.46510491214470284 0.413481528957529 0.46700343152454776 0.40160608494208494 0.43900988113695094 0.366508054054054 0.4433541912144703 0.30780385714285713 0.4264612093023256 0.329390972972973 0.38080219896640827 0.3469870656370656 0.38170303100775194 0.36237230888030886 0.414716519379845 0.3503050733590734 0.42568873126614987 0.36049797683397683
0 0.272431330749354 0.26813593436293437 0.26271351937984494 0.32366683783783784 0.28645961240310075 0.37482313127413125 0.3226260206718346 0.4166042586872587 0.3923531834625323 0.411364833976834 0.4015237260981912 0.39078724324324327 0.38540322222222223 0.38126735907335907 0.3729514005167959 0.30150434362934364 0.31876596640826876 0.2620787760617761 0.317961984496124 0.2040475945945946 0.30328958139534884 0.1749596447876448 0.2792214289405685 0.16260297683397684 0.23356241860465116 0.18019906949806952 0.2501333410852713 0.1974115752895753 0.2586597622739018 0.2544332316602317 0.272431330749354 0.26813593436293437
0 0.38807421963824285 0.338284915057915 0.38662611627906973 0.35785298069498067 0.4039695167958657 0.3439584864864865 0.38807421963824285 0.338284915057915
0 0.41593941343669255 0.32689069884169886 0.41236758139534885 0.35448789575289574 0.4259139405684755 0.36434428571428573 0.4333143204134367 0.4021343861003861 0.46835468475452197 0.4246839536679537 0.4689019534883721 0.38973064092664095 0.4406831937984496 0.3507863011583012 0.4431289819121447 0.3039575444015444 0.41593941343669255 0.32689069884169886
0 0.21187470801033592 0.25279776447876445 0.21814904392764858 0.271356305019305 0.236618488372093 0.2766933667953668 0.23806659173126615 0.2571253011583012 0.21187470801033592 0.25279776447876445
0 0.0785348527131783 0.14620471814671815 0.07451260465116279 0.16610929343629344 0.09578140051679587 0.1749561583011583 0.09700429715762275 0.15154177992277992 0.0785348527131783 0.14620471814671815
0 0.08764005167958656 0.2574112432432432 0.09134024031007751 0.2763062934362934 0.10398576485788114 0.27077743629343626 0.10308493023255813 0.25539219305019306 0.08764005167958656 0.2574112432432432
0 0.38939163049095604 0.5822850888030888 0.3926414031007752 0.5934875135135135 0.4155835142118863 0.5866126254826255 0.38939163049095604 0.5822850888030888
0 0.34054586046511626 0.7669551196911197 0.3465949870801034 0.7816673474903475 0.3566663643410853 0.7764750038610039 0.35554032041343664 0.757243444015444 0.34054586046511626 0.7669551196911197
0 0.5786240723514212 0.49165964092664094 0.5820990542635659 0.5067083783783783 0.5923956408268733 0.5053623436293436 0.5889206589147287 0.49031360617760616 0.5786240723514212 0.49165964092664094