0 0.4872248296875 0.6308975109375 0.4908437359375 0.59305288125 0.483115809375 0.5497364375 0.44592514687499996 0.5554696921875 0.4248229421875 0.5224863625 0.423732996875 0.5068994234375 0.41115445156249997 0.5062126859375 0.3957092796875 0.4869306171875 0.377113946875 0.48979724375 0.3465612671875 0.5232600046875 0.345482003125 0.575023884375 0.3582457671875 0.6007587187500001 0.3868144578125 0.6285209953125 0.41342124687500004 0.6282267828125 0.44912943906249997 0.6460919234375 0.45338022499999997 0.7068809828125 0.49101754687500004 0.7747333203125 0.5052530984375 0.709518940625 0.4872248296875 0.6308975109375
0 0.40060262343749997 0.7137041828124999 0.396286296875 0.6967765406249999 0.3863891609375 0.6896370375 0.3771459921875 0.6918496984375 0.3643166875 0.70997628125 0.36507964843749996 0.7208871375 0.3798708546875 0.73081704375 0.3954577921875 0.7297271000000001 0.40060262343749997 0.7137041828124999
0 0.41590141875000003 1 0.41028104374999996 0.9417094593750001 0.40473300625 0.9295668921875 0.3767092875 0.9095980859375 0.3701803 0.8834272734375 0.3571657765625 0.8765057609375001 0.3542008359375 0.9237025531249999 0.3673243546875 0.9321827609375 0.3633784625 0.965351309375 0.3746607421875 1 0.41590141875000003 1
0 0.13236479375000001 0.9768064125 0.13275731875000002 0.9376210781250001 0.1255415921875 0.9240288109374999 0.112963046875 0.9233420734375001 0.10035173125 0.94458604375 0.10119091718749999 0.9789863015625 0.111306040625 0.9892431921875 0.1224348859375 0.99159761875 0.13236479375000001 0.9768064125
0 0.147995909375 0.7971534140625 0.14414833124999998 0.7645298390625 0.133488234375 0.7464794796875001 0.12090969062500001 0.7457927421874999 0.10608571250000001 0.75779354375 0.09927319375 0.7723667609375 0.10511544375 0.8111161171875001 0.12755835468750001 0.8408730656250001 0.13469785625 0.8309759296875001 0.1426003203125 0.8319896515625 0.147995909375 0.7971534140625
0 0.18431534375 0.554967446875 0.18221167656249998 0.547282971875 0.1558991 0.5741839734374999 0.13706369062499998 0.663214740625 0.1484432953125 0.6467558453125 0.16456452500000002 0.5861085515625 0.18431534375 0.554967446875
0 0.12444169218750001 0.6171078921875 0.11312762812499999 0.5897053703124999 0.101344815625 0.57799878125 0.0843844015625 0.604245815625 0.08333790937499999 0.6340789874999999 0.100668759375 0.65792814375 0.1188281125 0.648826740625 0.1242999265625 0.6374799062500001 0.12444169218750001 0.6171078921875
0 0.071555096875 0.6223723984375 0.0678927359375 0.61479691875 0.0585405734375 0.6154508859375001 0.048392678125 0.627124703125 0.0444795578125 0.63836254375 0.0484689015625 0.65061410625 0.06673725 0.643071396875 0.071555096875 0.6223723984375
0 0.068830234375 0.583405053125 0.06585461249999999 0.563251028125 0.049940690625 0.559664890625 0.040915510937499996 0.5649949390625 0.0313125875 0.5844622265625 0.0335252484375 0.5937053953125 0.0482074609375 0.6020766078124999 0.061908721874999996 0.5964195765625 0.068830234375 0.583405053125
0 0.62363760625 0.67774595625 0.6183075578125 0.6687207765625 0.6085194171875 0.66313996875 0.6041703187499999 0.668143034375 0.60464975 0.71979791875 0.613315175 0.731722496875 0.6233540750000001 0.7184899859375 0.62363760625 0.67774595625
0 0.66929706875 0.8155215281249999 0.6680981296875 0.7983758953125 0.6508762734375 0.7760854328125 0.626623909375 0.7652508 0.6140453640625 0.7645640625000001 0.6083555625 0.772793509375 0.60419168125 0.8028446703125001 0.5919073499999999 0.8287647218749999 0.5997008187499999 0.82821975 0.613042325 0.8398173437500001 0.61801261875 0.8660971500000001 0.6321170875 0.8886056015625 0.64973146875 0.8717107296875 0.6484563046875 0.8310756953125 0.66929706875 0.8155215281249999
0 0.7182591359375 0.9781272062499999 0.719196634375 0.946735340625 0.7114359359375 0.9253496046875 0.6979854343749999 0.9121933171875 0.688742265625 0.9144059765625 0.6715638625 0.937535625 0.66065300625 0.9382985859374999 0.64477185625 0.9127817421875 0.6340789874999999 0.9166620906249999 0.6324875234375 0.93870179375 0.6419921328125 0.9850266296875001 0.7182591359375 0.9781272062499999
0 0.1179248390625 0.2103215734375 0.11169006249999999 0.21075755156249998 0.1013241796875 0.2193139828125 0.103645834375 0.23011584531249998 0.11712910624999999 0.221341425 0.1179248390625 0.2103215734375
0 0 0.2440063953125 0.00889249375 0.24144059062499998 0.012587625 0.2270853625 0.0314337171875 0.20540541406249999 0.036000803125 0.20351973750000002 0.0576807515625 0.222365828125 0.045243971875 0.20130707656250002 0.049048096875 0.18851054218750002 0.06231338125 0.176618734375 0.06212816249999999 0.15157063906249998 0.048350678125000005 0.13373826875 0.0139176484375 0.1565081625 0.0074321125 0.1757574609375 0.014647839062500001 0.1893497265625 0.0070395875 0.2149427953125 0.00167676875 0.2278483234375 0 0.22919143593750002 0 0.2440063953125
0 0.1706589875 0.1580782640625 0.1650019546875 0.144377003125 0.1484012953125 0.1533694109375 0.1415887765625 0.167942628125 0.1443136390625 0.2069099734375 0.1489897203125 0.206582990625 0.1706589875 0.1580782640625
0 0.3048263328125 0.21761425 0.3037363875 0.2020273109375 0.28369135624999997 0.20656162656250002 0.2924657765625 0.2200448984375 0.3048263328125 0.21761425
0 0.24725297343750002 0.155854921875 0.2447133296875 0.141935671875 0.23815157031249998 0.1376955671875 0.22278262187500003 0.1419029 0.21339768750000002 0.164487575 0.2398954828125 0.16263466875000002 0.24725297343750002 0.155854921875
0 0.5544574234375 0.1140109921875 0.554926171875 0.098315059375 0.5404291796875 0.1149919421875 0.54231485625 0.11955902968750001 0.5544574234375 0.1140109921875
0 0.4920769 0.1403014796875 0.4914229328125 0.1309493171875 0.481961775 0.130044590625 0.48105704843749997 0.139505746875 0.4920769 0.1403014796875
0 0.45593272812499996 0.1162015640625 0.450711675 0.10873507812500001 0.44146850625 0.1109477390625 0.4441171453125 0.1264256828125 0.45593272812499996 0.1162015640625
0 0.371610815625 0.0751084625 0.371861575 0.0562951421875 0.36319615 0.0443705640625 0.3526122765625 0.04980960625 0.3497891015625 0.07663438593750001 0.3550101546875 0.08410087031249999 0.371610815625 0.0751084625
0 0.661996615625 0.0391395546875 0.6606886828125 0.020435228125 0.6377442531249999 0.028304921875 0.638725203125 0.042333165625 0.647281634375 0.052699050000000004 0.661996615625 0.0391395546875
0 0.0835032171875 0.07645912187500001 0.070161709375 0.064861528125 0.039064057812500004 0.09053082031250001 0.037832346875 0.0953158953125 0.0575176234375 0.10803620625000002 0.075894965625 0.102052190625 0.0830344671875 0.0921550546875 0.0835032171875 0.07645912187500001
0 0.115821171875 0.20263710000000001 0.114949215625 0.1901675484375 0.0997220328125 0.1740028671875 0.08968313125 0.18723537968749998 0.105019309375 0.20495875468750002 0.115821171875 0.20263710000000001
0 0.0368841671875 0.05935694375 0.066641115625 0.0369140328125 0.06609614375 0.0291205640625 0.0380396546875 0.031082465625 0.032676834375000005 0.043987993749999996 0.0368841671875 0.05935694375
0 0.2522453578125 0.0928532015625 0.24858299687500002 0.0852777203125 0.22730625624999998 0.0945971125 0.2264015296875 0.10405827031249999 0.24800525312500002 0.099414959375 0.2522453578125 0.0928532015625
0 0.5470336640625 0.38863531875 0.547066434375 0.3667046109375 0.53727829375 0.3611238015625 0.532929196875 0.3661268671875 0.5313377312500001 0.3881665703125 0.5381174796875 0.39552406093750003 0.5470336640625 0.38863531875
0 0.7793773578125001 0.30660301562500003 0.7785054015624999 0.2941334640625 0.7660358515625 0.2950054203125 0.7699162 0.3056982890625 0.7793773578125001 0.30660301562500003
0 0.740954984375 0.317121346875 0.7351889578125 0.3018613921875 0.7139449875 0.2892500765625 0.7149259375 0.3032783203125 0.7318208109375 0.3208927015625 0.740954984375 0.317121346875
0 0.7008870125 0.236908453125 0.6985653562499999 0.226106590625 0.6859868109375 0.225419853125 0.6857360515625001 0.2442331734375 0.7008870125 0.236908453125
0 0.648283946875 0.20142893125 0.6460712859375 0.1921857625 0.6331657578125001 0.1868229421875 0.6256992718750001 0.192043996875 0.6262442453125 0.199837465625 0.6408174609375 0.20664998437499998 0.648283946875 0.20142893125
0 0.6698114484375 0.17329621875 0.663936428125 0.15647756875000002 0.6591513515625 0.155245859375 0.6598053187499999 0.164598021875 0.6698114484375 0.17329621875
0 0.642147484375 0.136072784375 0.635912709375 0.1365087625 0.6285552187500001 0.14328850937499998 0.6306588843750001 0.150972984375 0.6428014515625 0.14542494687500002 0.642147484375 0.136072784375
0 0.5798652734374999 0.0965711484375 0.578666334375 0.079425515625 0.5659787953125 0.077180084375 0.568845421875 0.095775415625 0.5798652734374999 0.0965711484375
0 0.9032336781250001 0.263483196875 0.8977946359375 0.2528993234375 0.880649003125 0.25409826406249997 0.8799622656249999 0.266676809375 0.9032336781250001 0.263483196875
0 0.852592515625 0.2560601640625 0.8518295531250001 0.2451493078125 0.83591563125 0.2415631703125 0.8463577390625 0.2564961421875 0.852592515625 0.2560601640625
0 0.8752975921875 0.11037144843749999 0.8716352328125 0.10279596718749999 0.8483965906250001 0.0840588703125 0.8540536218750001 0.09776013125 0.8752975921875 0.11037144843749999
0 0.74828043125 0.1082891453125 0.743277365625 0.103940046875 0.7369335953125 0.10281733125 0.7358108796875 0.10916110000000001 0.745817009375 0.117859296875 0.74828043125 0.1082891453125
0 0.5594597625 0.342343253125 0.5573560953125 0.334658778125 0.548908659375 0.3258515875 0.539992475 0.3327403296875 0.542096140625 0.34042480468749997 0.5534429765625 0.34589661875 0.5594597625 0.342343253125
0 0.245453475 0.4661112171875 0.2442545359375 0.44896558437499995 0.23613408281249998 0.44483447500000006 0.23798698906250002 0.47133227031249997 0.245453475 0.4661112171875
0 0.31887448749999997 0.799301259375 0.30698268125 0.7860359765625 0.29317242499999996 0.790134315625 0.29215870312500003 0.798036778125 0.300606140625 0.80684396875 0.31474337812500003 0.8074217125 0.31887448749999997 0.799301259375
0 0.2204366984375 0.8923320515625001 0.21822403750000002 0.8830888828125 0.2117712734375 0.8804074734375 0.207422175 0.8854105375 0.21173850156250001 0.90233818125 0.2204366984375 0.8923320515625001
0 0.3056334734375 0.049962053125 0.315748596875 0.06021894375 0.326441465625 0.05633859375 0.32172193125000004 0.01124546875 0.3092523796875 0.0121174234375 0.3057752375 0.0295900390625 0.3056334734375 0.049962053125
0 0.57952615625 0.4725105734375 0.58021289375 0.459932028125 0.5736511359375001 0.455691925 0.56774334375 0.46080398437500003 0.5717326875000001 0.47305554531249994 0.57952615625 0.4725105734375
0 0.54012210625 0.692983821875 0.5361327625000001 0.6807322609375 0.5261266328125 0.6720340640625 0.5167744703125 0.67268803125 0.5295382328125 0.698422865625 0.54012210625 0.692983821875