0 0.74663025625 0.391179165625 0.760965728125 0.40336514687499997 0.7153414796875001 0.44922360625 0.6924917234375 0.48872560781249996 0.4179181609375 0.5446708171875 0.3990830015625 0.5678300484375 0.38109258437500004 0.608226971875 0.34770449375 0.617652928125 0.325314740625 0.6492010031250001 0.317578271875 0.6502882921875 0.3328086640625 0.657614934375 0.36343673125 0.695912540625 0.3598821390625 0.704301384375 0.36960081875 0.7060912234375001 0.38466392968749996 0.6897735421875 0.41541743750000004 0.6728285734375 0.47155493125000003 0.6680946734375001 0.49959859062499995 0.6767762390625001 0.5281022546874999 0.677503878125 0.5729737765625 0.671197596875 0.6148008859375 0.6432292015625001 0.6075745968749999 0.6142655343750001 0.6372408140625 0.589584096875 0.6419077843750001 0.5778832078125 0.63463131875 0.5710165703125 0.7097294140625 0.48788086406250003 0.7108668812500001 0.47352030312500004 0.749432121875 0.42234249999999995 0.7817580109375 0.394131559375 0.8096093 0.390217315625 0.8217451046875001 0.3979788734375 0.8387653374999999 0.3955868359375 0.8527160703125001 0.3825811984375 0.8558357453125 0.37109776875 0.8446450375 0.336379840625 0.8550913546875 0.3096660171875 0.8489272671875 0.299487334375 0.829632103125 0.33060049375 0.8181235828125001 0.3385293328125 0.8130467859375001 0.33608711874999997 0.7647628656250001 0.3854750828125 0.74663025625 0.391179165625
0 0.6583173999999999 0.357832915625 0.6541606109375 0.3394828484375 0.6248122031250001 0.32151751875 0.589441903125 0.32806634687499997 0.5679470703125 0.35475508125 0.5756333640625 0.375764821875 0.6160553734375 0.3827067234375 0.6386124078125001 0.374802971875 0.6583173999999999 0.357832915625
0 0.7484284296875 0.2804765578125 0.7491058921875 0.274069925 0.7323532937499999 0.2559122265625 0.7040670890625 0.25673188125 0.6640047296875 0.2860301125 0.66504184375 0.3158636125 0.6824719046875 0.3276146765625 0.7222666281250001 0.3188661828125 0.7484284296875 0.2804765578125
0 0.03921590625 0.6231396375 0.0332692765625 0.6145082484375 0.012719540625000001 0.6142406140625 0.014241746874999999 0.625071671875 0.03921590625 0.6231396375
0 0.0500720515625 0.6105689171875001 0.0646500703125 0.6132536765625 0.0635627796875 0.6055172078125 0.0500720515625 0.6105689171875001
0 0.0820801296875 0.6250047421875 0.0878093015625 0.6320888375 0.135532865625 0.6348488609375 0.134445575 0.6271123921874999 0.0973356109375 0.62128286875 0.0820801296875 0.6250047421875
0 0.569394096875 0.6906349546875 0.5760432765625 0.6818111953125 0.5572582921875 0.682873396875 0.5532687843749999 0.6881676531250001 0.569394096875 0.6906349546875
0 0.63283314375 0.681719178125 0.643204196875 0.6881509 0.6765672 0.6897734578125 0.679226871875 0.686243953125 0.6710554875 0.68423665625 0.63283314375 0.681719178125
0 0.7503522140625 0.6983379171874999 0.760940725 0.7063169328125001 0.7733190750000001 0.70457726875 0.754341721875 0.6930436609374999 0.7165542953124999 0.693620771875 0.7503522140625 0.6983379171874999
0 0.3521875125 0.7842755718750001 0.349552928125 0.7767565609375 0.334949821875 0.7851203171875001 0.33714948906250003 0.789544740625 0.3521875125 0.7842755718750001
0 0.36730079843749996 0.7458608609375 0.3679531734375 0.7505027421875 0.38364356875 0.7498754562500001 0.3876330765625 0.7445812 0.38366865781250004 0.738826940625 0.36730079843749996 0.7458608609375
0 0.27672134531250003 0.640251803125 0.2912742765625 0.6539850781250001 0.3361207109375 0.6587273125 0.3381280078125 0.6505559265625 0.3184982796875 0.6343804390625001 0.26071180625 0.6380173671875 0.27672134531250003 0.640251803125