0 0.192864390625 0.6747382046875 0.23939528281250003 0.6236952437500001 0.2573177765625 0.617361815625 0.242565753125 0.605683559375 0.28656177031249996 0.558260771875 0.30801900781249997 0.5179853875 0.580472846875 0.4524917796875 0.5984882890625001 0.42868931874999994 0.6150579140625 0.3876891484375 0.6480967046874999 0.37710370625 0.6693718046875 0.3447934578125 0.677065615625 0.34343683281250004 0.6615888046875 0.3366461875 0.6296428281249999 0.2994408140625 0.6329024890625 0.290933028125 0.623127265625 0.2894834546875 0.608642809375 0.3063168921875 0.5784994078125 0.3243248203125 0.5225613203125 0.33101500625 0.4942317625 0.3233174390625 0.46572006874999994 0.3235850078125 0.4210959671875 0.331453440625 0.38027042031249997 0.36086454375 0.388503125 0.3895583734375 0.3597163484375 0.41526011093750004 0.35546057656249996 0.427116746875 0.3629722515625 0.43372525624999997 0.2908212984375 0.5194312046875 0.2901857015625 0.5338227140625 0.253430034375 0.5863152484375 0.22210838437499997 0.6156371609375 0.194410665625 0.620521015625 0.1820113796875 0.6131877203125 0.165084996875 0.6161722984375 0.1515966515625 0.6296568859375 0.1488796421875 0.6412421968750001 0.1612751734375 0.6755484234375 0.15176751875 0.7026105453125 0.15828308124999999 0.7125679046875 0.1764806578125 0.6808003078125 0.187705453125 0.67247465625 0.192864390625 0.6747382046875
0 0.38810880000000003 0.6212720984375 0.36584134375 0.6299582640625 0.3467406015625 0.6476056765625 0.3515352671875 0.665799496875 0.38149277812500004 0.6827296375 0.41661298125 0.67495039375 0.43716329531250003 0.6475277578124999 0.42874845468749995 0.6267990640625001 0.38810880000000003 0.6212720984375
0 0.3236554140625 0.6786484875000001 0.28419025000000003 0.68878046875 0.2593841640625 0.7280597421875 0.25893070156250003 0.734486115625 0.27630679062499997 0.7520480953125 0.30454715781249997 0.7502417640625 0.34356261875 0.719563225 0.3414849625 0.6897840937499999 0.3236554140625 0.6786484875000001
0 0.9829966812500001 0.36882313437500003 0.9810974046875 0.35805180000000003 0.9562058859375 0.3608542421875 0.9624501234375 0.3692728390625 0.9829966812500001 0.36882313437500003
0 0.9311322296875 0.3716218203125 0.93248885625 0.37931563125 0.945795065625 0.3737961796875 0.9311322296875 0.3716218203125
0 0.8608955796875 0.3602073765625 0.8981863859375 0.3647382296875 0.91330268125 0.3604862140625 0.90732976875 0.3536063796875 0.8595389546875 0.35251356562499997 0.8608955796875 0.3602073765625
0 0.4363943984375 0.3192362890625 0.440196709375 0.313806028125 0.4239951125 0.31190299375 0.417657928125 0.32095343125000003 0.4363943984375 0.3192362890625
0 0.3143824875 0.320124428125 0.3226189484375 0.3218453265625 0.36090586562500004 0.32302732968750003 0.3503166671875 0.316961471875 0.3169173609375 0.316504253125 0.3143824875 0.320124428125
0 0.23907609062500002 0.3159503328125 0.27682035625 0.3140548125 0.24287840156249998 0.31052007187499997 0.2320178765625 0.30291545000000003 0.2197077796875 0.30508605312500003 0.23907609062500002 0.3159503328125
0 0.654999078125 0.20929320312500002 0.652646340625 0.20494824218750002 0.6378013703125001 0.21073901875 0.640696759375 0.2181615046875 0.654999078125 0.20929320312500002
0 0.6037627109375 0.2516462421875 0.6079255359375 0.25725864062500003 0.62403794375 0.24965777656250002 0.62322396875 0.24504148906249998 0.6075650218749999 0.2462159796875 0.6037627109375 0.2516462421875
0 0.67670134375 0.359367103125 0.7343256890625 0.35371567187499997 0.718247921875 0.352041321875 0.703224571875 0.338824303125 0.65823995625 0.335650075 0.6565190578125 0.34388653593749996 0.67670134375 0.359367103125