0 0.7850398755924171 0.2892527316561845 0.7847092760663507 0.2808874150943396 0.7750057428909952 0.2757833459119497 0.7717904988151658 0.2845873836477988 0.7850398755924171 0.2892527316561845
0 0.7463661931279622 0.3024439685534591 0.7411425023696683 0.29048095178197064 0.7251159810426541 0.27565143815513626 0.7192888909952607 0.2784739664570231 0.7223139857819906 0.2949121215932914 0.7334474158767773 0.30614393710691823 0.7463661931279622 0.3024439685534591
0 0.48770919668246443 0.6097508155136269 0.48319640402843606 0.5556687358490566 0.47104632582938394 0.5487658176100629 0.4536477061611375 0.5593247358490565 0.4226939609004739 0.5274281383647799 0.42557860545023696 0.5102587840670859 0.41297116113744076 0.511818677148847 0.3963853566350711 0.49285525157232707 0.3763748921800948 0.49743266037735845 0.36656385900473937 0.5196621132075472 0.3479006421800948 0.5282759392033544 0.34358609952606634 0.5393175450733751 0.3438918483412322 0.5771077127882599 0.3620094668246446 0.6147956079664569 0.4007409490521327 0.6331205513626835 0.42962844786729854 0.6127339161425576 0.4441175722748815 0.6487692033542978 0.4465970687203792 0.7115090817610064 0.4649626362559242 0.755470964360587 0.4747488187203791 0.7626663605870021 0.482584355450237 0.7806108846960167 0.48613019905213267 0.7801721656184487 0.4903042914691943 0.7355230503144654 0.49995002488151663 0.7091109392033543 0.4994541255924171 0.6965629643605871 0.49043664099526063 0.6787646813417191 0.49230463862559243 0.6659242264150943 0.48336980331753554 0.6502172725366876 0.48770919668246443 0.6097508155136269
0 0.6164421208530806 0.7115100545073375 0.6158884218009479 0.6674459014675053 0.5990105509478673 0.6611279433962264 0.5975309537914691 0.7138498951781971 0.6039365924170617 0.7256666708595388 0.6164421208530806 0.7115100545073375
0 0.6600996433649289 0.7943737232704403 0.6550412523696683 0.7865933668763103 0.6412959763033175 0.7693800440251573 0.6064409372037914 0.7589816981132075 0.5805536824644549 0.8252313354297695 0.5935551101895734 0.8236226960167714 0.6195909146919432 0.8813464444444445 0.6357249360189573 0.8688424381551363 0.6373698329383887 0.820303144654088 0.6594135947867299 0.8070679392033543 0.6600996433649289 0.7943737232704403
0 0.7049720639810427 0.938032180293501 0.6982358258293839 0.9178500880503144 0.6893836421800947 0.904234463312369 0.6786634609004739 0.9034592935010483 0.6560162997630332 0.9314800440251573 0.6241285568720379 0.9060036750524109 0.6187973661137441 0.921374180293501 0.6231448578199053 0.9712736016771488 0.6270213009478672 0.9792001991614255 0.7025833187203792 0.9677495094339622 0.7059638625592417 0.9631281320754718 0.7049720639810427 0.938032180293501
0 0.6768797654028436 0.016823633123689726 0.6741852701421801 0.008750796645702306 0.6519762097156399 0.017803343815513628 0.6539020059241706 0.03647906708595387 0.6647874869668247 0.04143689517819706 0.672813172985782 0.034139226415094336 0.6768797654028436 0.016823633123689726
0 0.3868644241706161 0.07162063312368973 0.3839219798578199 0.0572738071278826 0.3776816409952607 0.04963969182389937 0.3660274609004739 0.055284748427672954 0.36363871563981043 0.08500207966457023 0.3686144561611374 0.09069110691823899 0.38145058412322275 0.0848998071278826 0.3868644241706161 0.07162063312368973
0 0.18333708056872036 0.5717541593291405 0.18300648104265402 0.5633888427672955 0.17591479383886255 0.5642662830188679 0.15444958056872038 0.5921407924528302 0.13073607227488152 0.6833401404612158 0.13994370616113744 0.6758962348008386 0.15890457345971565 0.6147066960167715 0.18333708056872036 0.5717541593291405
0 0.14058815521327014 0.8124175953878406 0.13849705805687204 0.7895592138364781 0.1268677286729858 0.7657794213836479 0.10229477251184833 0.7751244486373166 0.0922357902843602 0.7910799140461217 0.09498808530805687 0.830668928721174 0.11766819549763034 0.8635892075471698 0.1341328163507109 0.8594505178197065 0.14058815521327014 0.8124175953878406
0 0.1156208672985782 1 0.12136258767772512 0.9871238721174005 0.12028813981042653 0.9599365932914046 0.10898940995260663 0.9445221174004194 0.09277273815165876 0.9549347945492662 0.08752419786729858 0.9723966289308176 0.08861509004739336 1 0.1156208672985782 1
0 0.3999645402843602 1 0.3992030011848341 0.9548488050314465 0.39010286729857824 0.9349591928721174 0.3704478518957346 0.9184770691823899 0.3646207618483412 0.9212995974842767 0.3487924893364929 0.9715937714884696 0.35223083293838864 0.998488570230608 0.3535032286729858 1 0.3999645402843602 1
0 0.3935747109004739 0.722272538784067 0.38920236848341233 0.7017979664570231 0.373589095971564 0.6974250985324947 0.3610835687203791 0.71158171278826 0.3581162736966825 0.7266597379454927 0.3727955473933649 0.7374528343815513 0.3893428187203792 0.7354054737945492 0.3935747109004739 0.722272538784067
0 0.35931442061611374 0.9072452536687631 0.3575539241706161 0.8927521886792453 0.3419406516587678 0.8883793207547169 0.3398825047393365 0.9264619664570231 0.34392424763033175 0.9385712222222222 0.35101593483412324 0.9376937819706499 0.35931442061611374 0.9072452536687631
0 0.30908595971563985 0.8083821509433962 0.29795252843601894 0.7971503354297693 0.2862156990521327 0.8007040649895177 0.2841824028436019 0.8093618616352202 0.2905053921800948 0.8190873081761006 0.3082346101895735 0.8168937064989518 0.30908595971563985 0.8083821509433962
0 0 0.27673564150943397 0.019154368483412322 0.26422551572327047 0.024402909952606636 0.24676368134171908 0.04147093009478673 0.22783944863731656 0.05851409952606635 0.23834006289308177 0.06626698696682463 0.2541932578616352 0.06359734123222749 0.21669557232704403 0.06656463625592418 0.20161754716981134 0.07357367417061611 0.19864877777777776 0.07519372037914693 0.17953433333333335 0.06356439099526066 0.1557545429769392 0.028767152843601897 0.17687237735849057 0.01879081990521327 0.19491916981132076 0.021543114928909955 0.23450818658280922 0.011566781990521326 0.2525549811320755 0 0.2622076750524109 0 0.27673564150943397
0 0.08290500710900472 0.3446031048218029 0.08350840639810427 0.3298175597484277 0.07048212914691943 0.3608510503144654 0.08290500710900472 0.3446031048218029
0 0.13012512440758292 0.3072373270440251 0.128612577014218 0.299018249475891 0.12143823933649289 0.2978043605870021 0.11822299526066352 0.3066083962264151 0.13012512440758292 0.3072373270440251
0 0.06808528317535545 0.30020250104821805 0.06709348459715639 0.27510654926624734 0.0600595971563981 0.3075001698113208 0.06808528317535545 0.30020250104821805
0 0.18181698341232228 0.17264672327044026 0.177775240521327 0.16053746750524112 0.1671377097156398 0.16185362683438154 0.1536981836492891 0.18243047169811322 0.15172268601895733 0.22260444654088052 0.15771507582938388 0.22396457651991614 0.17750244194312798 0.1836883291404612 0.18181698341232228 0.17264672327044026
0 0.31557534952606636 0.22124529140461216 0.3139801516587678 0.21093488469601676 0.2928703886255924 0.2177498637316562 0.29801143009478676 0.2276215492662474 0.3088142606635071 0.23048804821802935 0.31557534952606636 0.22124529140461216
0 0.257626951421801 0.16747002306079664 0.2546018566350711 0.1510318679245283 0.23222749526066352 0.1559017568134172 0.22359841113744078 0.17798497064989519 0.2519651611374407 0.17447520964360588 0.257626951421801 0.16747002306079664
0 0.26248709241706164 0.11012669392033543 0.2631731409952607 0.09743247798742138 0.2467085201421801 0.10157116561844864 0.237748836492891 0.11528906289308176 0.26248709241706164 0.11012669392033543
0 0.09627053436018958 0.11177832704402516 0.0968739336492891 0.09699278406708595 0.08860029739336492 0.09801646331236898 0.08219465876777252 0.08619968763102726 0.05262111018957346 0.11928053668763103 0.06452323933649289 0.11990946540880504 0.0696642808056872 0.1297811530398323 0.08494695379146919 0.12578870230607966 0.09627053436018958 0.11177832704402516
0 0.05231536137440758 0.0814903710691824 0.09041049407582938 0.053659828092243185 0.08197155924170615 0.05050085115303984 0.05242286137440758 0.05415685115303983 0.0474222701421801 0.07789267085953878 0.05231536137440758 0.0814903710691824
0 0 0.11517159538784066 0.01422022748815166 0.10932091194968555 0.02040276777251185 0.08543884905660377 0.015592325829383885 0.08393248008385744 0 0.08586168763102725 0 0.11517159538784066
0 0.12706707938388626 0.22985814465408805 0.11879344431279622 0.23088182389937106 0.11085040876777251 0.24027082180293502 0.11244560545023696 0.2505812285115304 0.12519908293838863 0.2426985995807128 0.12706707938388626 0.22985814465408805
0 0.12632323104265403 0.21103618029350105 0.12244678791469195 0.2031095849056604 0.1065855663507109 0.1924627295597484 0.10015507701421801 0.2100708029350105 0.10774266350710901 0.22174133752620545 0.12327328672985782 0.22402287631027254 0.12632323104265403 0.21103618029350105
0 0.12047884004739336 0.6341719203354297 0.11121340639810426 0.6100996477987422 0.09543483412322275 0.6015441215932914 0.08427655450236968 0.6197371551362684 0.07834196445497629 0.6498932054507337 0.0876073981042654 0.6739654758909853 0.10322067061611374 0.6783383438155136 0.12037134004739337 0.6615054402515723 0.12047884004739336 0.6341719203354297
0 0.06863843127962085 0.6447891383647798 0.06602658649289099 0.6388076289308176 0.05310780924170616 0.6425075995807128 0.039916232227488156 0.6693584297693921 0.04371002488151659 0.6751936981132075 0.06017464573459716 0.6710550083857442 0.06863843127962085 0.6447891383647798
0 0.06706808412322275 0.6050538825995807 0.0664895355450237 0.5904145765199161 0.05189291113744076 0.5817128113207547 0.03685818720379147 0.591979247379455 0.030758297393364928 0.6179526373165619 0.040544481042654026 0.6251480356394129 0.059372997630331756 0.6207168658280923 0.06706808412322275 0.6050538825995807
0 0.5531630817535546 0.3725828092243187 0.5516505343601896 0.3643637316561845 0.5384011575829384 0.35969838364779877 0.5346651646919431 0.38537929559748424 0.5456332950236967 0.3924284528301887 0.5531630817535546 0.3725828092243187
0 0.7020226208530805 0.23227451362683438 0.7073538116113745 0.21690401048218028 0.6952863827014217 0.2120924213836478 0.6899551919431279 0.22746292662473794 0.7020226208530805 0.23227451362683438
0 0.906722712085308 0.24267383438155138 0.9087560082938388 0.23401603773584903 0.8907788400473934 0.2299356498951782 0.8841004016587678 0.2412697358490566 0.906722712085308 0.24267383438155138
0 0.8851586504739336 0.08772525995807127 0.8812822073459716 0.07979866247379454 0.8604452440758293 0.06346277987421384 0.8681981303317535 0.0793159748427673 0.8851586504739336 0.08772525995807127
0 0.8600481943127962 0.2337378888888889 0.8584529964454976 0.2234274821802935 0.841823075829384 0.22338351362683437 0.8518572085308057 0.23685289727463313 0.8600481943127962 0.2337378888888889
0 0.6564722511848341 0.19167615094339624 0.653695106635071 0.18151198532494758 0.6393464312796209 0.17908420545073375 0.635114539099526 0.19221714046121594 0.6530917073459716 0.1962975283018868 0.6564722511848341 0.19167615094339624
0 0.7586075722748814 0.10128161006289309 0.7582769727488152 0.09291629350104821 0.7462921943127963 0.09019603354297694 0.7538797808056872 0.10186657023060797 0.7586075722748814 0.10128161006289309
0 0.6814006575829384 0.16127159119496853 0.672383172985782 0.14347330817610063 0.6678206812796209 0.14824092662473795 0.6693332286729857 0.15646000209643607 0.6814006575829384 0.16127159119496853
0 0.6527281575829383 0.12699118448637317 0.6468184182464456 0.12772238364779875 0.6390406824644549 0.1412940398322851 0.6530587571090047 0.13535650104821803 0.6527281575829383 0.12699118448637317
0 0.59189511492891 0.09038526834381552 0.589969317535545 0.07170954507337526 0.5803484348341232 0.0686968071278826 0.578811037914692 0.08990258071278825 0.59189511492891 0.09038526834381552
0 0.5637428139810426 0.3397504696016771 0.5597010710900474 0.32764121593291406 0.5488155900473933 0.32268338784067085 0.545765644549763 0.3356700817610063 0.5637428139810426 0.3397504696016771
0 0.5338959146919432 0.6965046624737946 0.5296062227488152 0.6781214192872117 0.511546404028436 0.6719497023060798 0.511959654028436 0.6824063501048219 0.5220764360189574 0.6979670628930817 0.5338959146919432 0.6965046624737946
0 0.2041486433649289 0.9180373752620544 0.20703328791469194 0.9008680209643606 0.19859435308056872 0.8977090419287213 0.19689165639810427 0.9147321551362684 0.2041486433649289 0.9180373752620544
0 0.24731946800947865 0.4776739811320755 0.2454763210900474 0.4610895870020964 0.23821933412322274 0.4577843689727463 0.23929378199052134 0.4849716498951782 0.24731946800947865 0.4776739811320755
0 0.5000915758293839 0.14167348427672957 0.5019595722748815 0.12883302725366877 0.4936032867298578 0.1277653794549266 0.4916526409952607 0.13851450524109016 0.5000915758293839 0.14167348427672957
0 0.46710453317535544 0.11843468343815514 0.46441003791469193 0.11036184696016771 0.45377250710900474 0.11167800628930817 0.45316910781990516 0.12646355136268342 0.4638066398104266 0.12514738993710692 0.46710453317535544 0.11843468343815514
0 0.45935164691943126 0.10258148846960168 0.45539255450236965 0.09256356184486374 0.44450707345971563 0.0876057358490566 0.4425564265402844 0.09835486163522013 0.45935164691943126 0.10258148846960168
0 0.32490723341232225 0.06667713626834382 0.3379086599526066 0.06506849685534591 0.3372723116113744 0.018913012578616353 0.3242708838862559 0.020521654088050314 0.31984884241706163 0.05889677987421384 0.32490723341232225 0.06667713626834382
0 0.5653715106635071 0.11047942348008385 0.5683388056872039 0.09540139832285116 0.5512707855450237 0.11432563102725367 0.5653715106635071 0.11047942348008385
0 0.5105222073459715 0.28539024109014677 0.5101916078199052 0.27702492452830185 0.4863046990521327 0.27367573584905663 0.48182485781990525 0.28053468343815513 0.5105222073459715 0.28539024109014677
0 0.4541603554502369 0.4520819832285115 0.46152484241706165 0.42805368134171906 0.4525651587677725 0.44177157651991616 0.4541603554502369 0.4520819832285115
0 0.5806865829383886 0.46795048427672953 0.5801080343601895 0.453311178197065 0.5717517488151659 0.4522435303983229 0.5698011030805687 0.4629926561844864 0.5806865829383886 0.46795048427672953