0 0.5609375 0.703125 0.5609375 0.6421875 0.5953125 0.621875 0.621875 0.6203125 0.6484375 0.590625 0.659375 0.5640625 0.6546875 0.5125 0.621875 0.48125 0.603125 0.4796875 0.5890625 0.5 0.5765625 0.5015625 0.5765625 0.5171875 0.5578125 0.5515625 0.5203125 0.5484375 0.515625 0.5921875 0.521875 0.6296875 0.509375 0.709375 0.528125 0.7734375 0.5609375 0.703125
0 0.65 0.7109375 0.65 0.7 0.6359375 0.6828125 0.6265625 0.68125 0.6171875 0.6890625 0.6140625 0.70625 0.6203125 0.721875 0.6359375 0.721875 0.65 0.7109375
0 0.6625 0.921875 0.675 0.9125 0.66875 0.865625 0.65625 0.8734375 0.6515625 0.9 0.625 0.921875 0.6203125 0.934375 0.61875 0.99375 0.659375 0.9921875 0.66875 0.9546875 0.6625 0.921875
0 0.93125 0.95 0.9296875 0.915625 0.915625 0.8953125 0.903125 0.896875 0.896875 0.9109375 0.9 0.95 0.9109375 0.9640625 0.921875 0.9609375 0.93125 0.95
0 0.8953125 0.8140625 0.915625 0.7828125 0.91875 0.74375 0.9109375 0.7296875 0.8953125 0.71875 0.8828125 0.7203125 0.8734375 0.7390625 0.871875 0.771875 0.8796875 0.80625 0.8875 0.8046875 0.8953125 0.8140625
0 0.8734375 0.6375 0.8484375 0.55 0.8203125 0.525 0.81875 0.5328125 0.840625 0.5625 0.8609375 0.621875 0.8734375 0.6375
0 0.909375 0.6296875 0.925 0.6046875 0.921875 0.575 0.903125 0.55 0.8921875 0.5625 0.8828125 0.590625 0.884375 0.6109375 0.890625 0.621875 0.909375 0.6296875
0 0.9640625 0.60625 0.959375 0.5953125 0.9484375 0.584375 0.9390625 0.584375 0.9359375 0.5921875 0.9421875 0.6125 0.9609375 0.61875 0.9640625 0.60625
0 0.971875 0.5609375 0.9734375 0.5515625 0.9625 0.5328125 0.953125 0.528125 0.9375 0.5328125 0.9359375 0.553125 0.94375 0.565625 0.9578125 0.5703125 0.971875 0.5609375
0 0.4109375 0.7265625 0.4078125 0.675 0.403125 0.6703125 0.39375 0.6765625 0.3890625 0.6859375 0.3921875 0.7265625 0.403125 0.7390625 0.4109375 0.7265625
0 0.3953125 0.896875 0.4078125 0.8734375 0.4109375 0.846875 0.4234375 0.834375 0.43125 0.834375 0.4171875 0.809375 0.4109375 0.7796875 0.4046875 0.771875 0.3921875 0.7734375 0.36875 0.7859375 0.353125 0.809375 0.353125 0.8265625 0.375 0.840625 0.3765625 0.88125 0.3953125 0.896875
0 0.3953125 0.925 0.384375 0.921875 0.3703125 0.9484375 0.359375 0.9484375 0.340625 0.9265625 0.33125 0.925 0.31875 0.9390625 0.3125 0.9609375 0.315625 0.9921875 0.3921875 0.99375 0.3984375 0.946875 0.3953125 0.925
0 0.878125 0.1921875 0.8671875 0.184375 0.8609375 0.184375 0.8625 0.1953125 0.8765625 0.203125 0.878125 0.1921875
0 0.921875 0.1921875 0.9421875 0.171875 0.946875 0.1734375 0.9671875 0.19375 0.971875 0.2078125 0.99375 0.2125 0.9984375 0.2203125 0.9984375 0.2078125 0.978125 0.19375 0.971875 0.18125 0.9625 0.15625 0.96875 0.1421875 0.9609375 0.1234375 0.925 0.103125 0.9125 0.121875 0.9140625 0.146875 0.928125 0.1578125 0.9328125 0.1703125 0.921875 0.1921875
0 0.834375 0.14375 0.8265625 0.1296875 0.809375 0.121875 0.8046875 0.1359375 0.8296875 0.1828125 0.834375 0.1828125 0.834375 0.14375
0 0.675 0.1890625 0.675 0.2046875 0.6875 0.20625 0.6953125 0.1921875 0.675 0.1890625
0 0.7515625 0.1234375 0.7359375 0.1203125 0.7296875 0.125 0.728125 0.1390625 0.7359375 0.1453125 0.7625 0.1453125 0.7515625 0.1234375
0 0.4171875 0.103125 0.41875 0.11875 0.43125 0.1234375 0.4328125 0.11875 0.4171875 0.103125
0 0.4828125 0.13125 0.4828125 0.140625 0.49375 0.1390625 0.4921875 0.1296875 0.4828125 0.13125
0 0.521875 0.10625 0.5171875 0.1140625 0.5296875 0.1234375 0.53125 0.1078125 0.521875 0.10625
0 0.615625 0.040625 0.6046875 0.0359375 0.596875 0.0484375 0.5984375 0.0671875 0.615625 0.075 0.6203125 0.0671875 0.615625 0.040625
0 0.3296875 0.0390625 0.30625 0.0328125 0.30625 0.0515625 0.321875 0.0640625 0.3296875 0.053125 0.3296875 0.0390625
0 0.9140625 0.078125 0.9328125 0.0640625 0.93125 0.059375 0.8984375 0.0359375 0.8859375 0.0484375 0.8875 0.0640625 0.8953125 0.0734375 0.9140625 0.078125
0 0.8765625 0.146875 0.8625 0.1640625 0.8625 0.1765625 0.8734375 0.178125 0.8875 0.159375 0.8765625 0.146875
0 0.9828125 0.090625 0.9859375 0.1078125 0.9984375 0.11875 0.9984375 0.090625 0.9828125 0.090625
0 0.9984375 0.0390625 0.9828125 0.025 0.96875 0.025 0.9625 0.0265625 0.96875 0.0484375 0.9984375 0.059375 0.9984375 0.0390625
0 0.9 0 0.9 0.0078125 0.93125 0.028125 0.934375 0.0125 0.928125 0 0.9 0
0 0.74375 0.0765625 0.721875 0.06875 0.71875 0.0765625 0.7234375 0.0828125 0.7453125 0.0859375 0.74375 0.0765625
0 0.4578125 0.36875 0.453125 0.3640625 0.44375 0.3703125 0.4453125 0.3921875 0.4546875 0.3984375 0.4609375 0.390625 0.4578125 0.36875
0 0.2078125 0.3140625 0.2078125 0.3265625 0.2171875 0.325 0.2203125 0.3140625 0.2078125 0.3140625
0 0.271875 0.3046875 0.2515625 0.31875 0.246875 0.334375 0.25625 0.3375 0.271875 0.31875 0.271875 0.3046875
0 0.2828125 0.240625 0.28125 0.2515625 0.296875 0.2578125 0.2953125 0.2390625 0.2828125 0.240625
0 0.353125 0.2015625 0.3453125 0.196875 0.3328125 0.203125 0.33125 0.2125 0.3390625 0.2171875 0.353125 0.209375 0.353125 0.2015625
0 0.3125 0.16875 0.3078125 0.1859375 0.3171875 0.1765625 0.3171875 0.1671875 0.3125 0.16875
0 0.346875 0.153125 0.3390625 0.146875 0.3328125 0.146875 0.3328125 0.15625 0.3453125 0.1609375 0.346875 0.153125
0 0.3921875 0.0859375 0.3921875 0.103125 0.403125 0.1015625 0.4046875 0.0828125 0.3921875 0.0859375
0 0.0859375 0.28125 0.08125 0.2921875 0.1046875 0.29375 0.103125 0.28125 0.0859375 0.28125
0 0.13125 0.2703125 0.13125 0.28125 0.1375 0.28125 0.146875 0.265625 0.13125 0.2703125
0 0.1015625 0.1296875 0.0984375 0.1375 0.11875 0.1234375 0.1234375 0.109375 0.1015625 0.1296875
0 0.2359375 0.1203125 0.2296875 0.121875 0.225 0.1265625 0.228125 0.1359375 0.2375 0.1265625 0.2359375 0.1203125
0 0.4484375 0.3359375 0.4390625 0.3296875 0.43125 0.3390625 0.4296875 0.346875 0.4359375 0.35 0.446875 0.34375 0.4484375 0.3359375
0 0.7515625 0.43125 0.7515625 0.4484375 0.759375 0.453125 0.759375 0.4265625 0.7515625 0.43125
0 0.728125 0.7828125 0.7265625 0.775 0.7125 0.771875 0.7015625 0.7859375 0.70625 0.79375 0.7203125 0.7921875 0.728125 0.7828125
0 0.8140625 0.859375 0.8078125 0.8625 0.80625 0.871875 0.815625 0.88125 0.81875 0.8640625 0.8140625 0.859375
0 0.64375 0 0.6421875 0.0453125 0.653125 0.0484375 0.6625 0.0375 0.6609375 0.0171875 0.65625 0 0.64375 0
0 0.4234375 0.4609375 0.4171875 0.465625 0.41875 0.478125 0.4265625 0.478125 0.4296875 0.465625 0.4234375 0.4609375
0 0.4859375 0.6734375 0.4765625 0.6828125 0.4734375 0.6953125 0.484375 0.7 0.4953125 0.6734375 0.4859375 0.6734375