0 0.6189456137339056 0.6296696216216215 0.597184517167382 0.6547414247104246 0.5810908175965666 0.763520027027027 0.5980468390557939 0.7683519806949807 0.6191365429184549 0.7509071158301158 0.6197026115879828 0.7197953745173745 0.6405816630901288 0.6553808996138996 0.6189456137339056 0.6296696216216215
0 0.6401012017167381 0.7842453320463321 0.6501523690987124 0.7441091583011583 0.6338677381974249 0.7316502702702703 0.6241522660944206 0.767972972972973 0.6401012017167381 0.7842453320463321
0 0.5831444356223177 0.5921034478764479 0.5586977703862661 0.647683 0.5591387918454935 0.667354335907336 0.5898189206008584 0.6643698455598456 0.6132584978540773 0.6202307027027026 0.6053465536480687 0.5867029845559846 0.5831444356223177 0.5921034478764479
0 0.518618143776824 0.7574446061776062 0.5216394120171673 0.72312338996139 0.4934144806866953 0.7228984015444015 0.48537749141630904 0.7401537644787645 0.518618143776824 0.7574446061776062
0 0.6148513755364806 0.5034106718146718 0.5887459484978541 0.5037896795366795 0.5829337854077253 0.5451338378378379 0.6223025772532189 0.5915349382239382 0.6381461845493562 0.5843224903474904 0.6383765557939914 0.5570242162162162 0.6118301072961373 0.537731888030888 0.6148513755364806 0.5034106718146718
0 0.5982310472103004 0.49476525096525104 0.5908654506437768 0.5043936756756756 0.5990077660944205 0.5106231196911196 0.5982310472103004 0.49476525096525104
0 0.6997368154506438 0.5510552393822394 0.7137966180257511 0.539425332046332 0.7158107939914163 0.5165445212355213 0.7013099699570816 0.5085030926640927 0.6580181502145923 0.5313484208494208 0.6542201652360515 0.5498117683397684 0.6642516115879828 0.5839434826254827 0.6909033862660945 0.6267206177606177 0.706305974248927 0.599836833976834 0.697386939914163 0.5777495212355213 0.6997368154506438 0.5510552393822394
0 0.6036021888412016 0.43374975675675675 0.598586465665236 0.4166838996138996 0.5830785515021459 0.4200828764478764 0.5786091759656652 0.44617316216216213 0.6036021888412016 0.43374975675675675
0 0.6416479141630901 0.4211368416988417 0.6412068927038627 0.4014655057915058 0.6302736824034335 0.4022590038610038 0.6258043068669528 0.42834928957528956 0.6416479141630901 0.4211368416988417
0 0.6092036995708154 0.34543598455598457 0.6078609141630902 0.36068986100386097 0.6233688283261802 0.3572908803088803 0.6092036995708154 0.34543598455598457
0 0.5894765021459227 0.27335909266409264 0.5881337167381975 0.28861296525096525 0.6047540429184549 0.29725838610038613 0.642023051502146 0.26878760617760616 0.6172604098712446 0.25391274131274133 0.5894765021459227 0.27335909266409264
0 0.7388487918454936 0.30419827027027024 0.6888627660944205 0.3290450888030888 0.6742368969957081 0.37178673745173746 0.6934177467811159 0.40070749034749037 0.7120522510729613 0.38647210038610036 0.7209910064377683 0.33429152895752895 0.7463197145922746 0.3180546525096525 0.7388487918454936 0.30419827027027024
0 0.6789366437768241 0.31839818146718146 0.6802794291845494 0.303144305019305 0.6633234055793991 0.2983123552123552 0.659525422746781 0.31677570270270267 0.6789366437768241 0.31839818146718146
0 0.7044957253218884 0.2748630308880309 0.6872040042918456 0.2738445444015444 0.6989139334763949 0.28890891505791505 0.7044957253218884 0.2748630308880309
0 0.8702579699570815 0.3416459034749035 0.8685794892703862 0.36071324710424707 0.885976534334764 0.3852165366795367 0.9068358669527897 0.39506994594594597 0.9360678841201716 0.3838545250965251 0.9178941223175965 0.3434933667953668 0.8702579699570815 0.3416459034749035
0 0.6667346180257511 1 0.6684973412017168 0.9799756949806949 0.6518770128755366 0.9713302741312742 0.6435043283261803 0.9923991003861004 0.647353778969957 1 0.6667346180257511 1
0 0.6998618605150214 0.5002721621621622 0.7078988497854076 0.4830168030888031 0.6976370321888412 0.4761833629343629 0.6902714356223176 0.4858117837837838 0.6998618605150214 0.5002721621621622