0 0.7434918711340206 0.678069176923077 0.7955977989690721 0.6760747884615385 0.7896325721649484 0.6034401923076923 0.7424558582474228 0.5807046115384615 0.7323155927835051 0.45058630384615384 0.7406780618556701 0.4327639038461538 0.7220158195876288 0.42986360384615385 0.6917111597938145 0.39487743846153844 0.6654344226804124 0.39398076923076925 0.4513273324742268 0.5089019538461538 0.47446504381443294 0.5496794730769231 0.5243270386597938 0.5951413884615384 0.7125863530927834 0.6822959846153845 0.7152716340206186 0.7050223153846154 0.7434918711340206 0.678069176923077
0 0.5962845386597938 0.6504111692307691 0.5924037319587628 0.639715876923077 0.5370116649484535 0.6581969076923077 0.5516397912371134 0.6934026192307693 0.5962845386597938 0.6504111692307691
0 0.9159585180412372 0.41007456153846156 0.939249543814433 0.4078513846153846 0.9395499716494845 0.38824489615384616 0.9276071288659794 0.37576551923076923 0.8759487474226804 0.3815476269230769 0.9159585180412372 0.41007456153846156
0 0.4823427886597938 0.9264388076923077 0.44471786855670103 0.9402446923076923 0.43695006443298967 0.9852490269230768 0.4535216907216495 0.992604926923077 0.4911466082474227 0.9787990384615385 0.522652987113402 0.9353592538461539 0.49428563144329896 0.9389181846153847 0.4823427886597938 0.9264388076923077
0 0.3002020128865979 0.8689181115384615 0.29244040463917526 0.8475275307692307 0.271687543814433 0.8490828307692307 0.27063913659793815 0.8845080846153847 0.3002020128865979 0.8689181115384615
0 0.31636946907216495 0.4077219269230769 0.30293067010309277 0.4268800807692308 0.34010804123711336 0.4092864730769231 0.31636946907216495 0.4077219269230769
0 0.044185028350515465 0.5183978076923077 0.05493234793814433 0.5429082269230769 0.0517995206185567 0.516394173076923 0.044185028350515465 0.5183978076923077
0 0.47598578350515464 0.25246230769230765 0.4691192680412371 0.23864717307692307 0.4513521159793814 0.24332231538461538 0.4489610695876289 0.26738440384615386 0.47598578350515464 0.25246230769230765
0 0.6873890051546392 0.3139995153846154 0.6885845283505154 0.3019684730769231 0.6749986134020619 0.29773241538461537 0.6717124716494846 0.3142190615384615 0.6873890051546392 0.3139995153846154
0 0.17006962113402063 0.2548495423076923 0.16469286340206185 0.27579178846153846 0.17902675515463917 0.26420907692307694 0.17006962113402063 0.2548495423076923
0 0.12945279639175258 0.3319304961538462 0.12557199226804125 0.3212352076923077 0.11377626288659794 0.33215003846153845 0.11258073969072166 0.34418108076923076 0.12945279639175258 0.3319304961538462
0 1 0.5404118807692307 0.9900004355670102 0.52728365 0.9752189974226805 0.5350786384615384 0.993133262886598 0.5537977038461539 1 0.5461970923076923 1 0.5404118807692307
0 0.9372750592783506 0.7676757384615385 0.9359324201030927 0.756312573076923 0.9177177216494845 0.7571999923076923 0.9305556597938144 0.7772548153846154 0.9372750592783506 0.7676757384615385