0 0.6373390557939914 0.6833976833976834 0.6523605150214592 0.6138996138996139 0.628755364806867 0.5945945945945946 0.6094420600858369 0.6254826254826255 0.6030042918454935 0.7374517374517374 0.6201716738197425 0.7374517374517374 0.6394849785407726 0.7142857142857143 0.6373390557939914 0.6833976833976834
0 0.6523605150214592 0.6911196911196911 0.6459227467811158 0.7297297297297297 0.6630901287553648 0.7413127413127413 0.6695278969957081 0.6988416988416989 0.6523605150214592 0.6911196911196911
0 0.6223175965665236 0.5868725868725869 0.6115879828326181 0.555984555984556 0.5901287553648069 0.5675675675675675 0.5708154506437768 0.6293436293436293 0.572961373390558 0.6486486486486487 0.6030042918454935 0.637065637065637 0.6223175965665236 0.5868725868725869
0 0.5128755364806867 0.722007722007722 0.5064377682403434 0.7413127413127413 0.5407725321888412 0.749034749034749 0.5407725321888412 0.7142857142857143 0.5128755364806867 0.722007722007722
0 0.6416309012875536 0.5173745173745173 0.6137339055793991 0.5057915057915058 0.6137339055793991 0.47104247104247104 0.5879828326180258 0.47876447876447875 0.5858369098712446 0.5212355212355212 0.628755364806867 0.555984555984556 0.6437768240343348 0.5444015444015444 0.6416309012875536 0.5173745173745173
0 0.5901287553648069 0.47876447876447875 0.5987124463519313 0.4826254826254826 0.5965665236051502 0.4671814671814672 0.5901287553648069 0.47876447876447875
0 0.7124463519313304 0.5405405405405406 0.7017167381974249 0.5212355212355212 0.7017167381974249 0.4942084942084942 0.7145922746781116 0.47876447876447875 0.7145922746781116 0.4555984555984556 0.6995708154506438 0.4517374517374517 0.6587982832618026 0.4864864864864865 0.6566523605150214 0.5057915057915058 0.6695278969957081 0.5366795366795367 0.6995708154506438 0.5714285714285714 0.7124463519313304 0.5405405405405406
0 0.575107296137339 0.39768339768339767 0.572961373390558 0.4247104247104247 0.5965665236051502 0.40540540540540543 0.5901287553648069 0.38996138996138996 0.575107296137339 0.39768339768339767
0 0.6201716738197425 0.3667953667953668 0.6180257510729614 0.3938223938223938 0.6330472103004292 0.38223938223938225 0.630901287553648 0.36293436293436293 0.6201716738197425 0.3667953667953668
0 0.5944206008583691 0.33204633204633205 0.6094420600858369 0.32432432432432434 0.5944206008583691 0.3166023166023166 0.5944206008583691 0.33204633204633205
0 0.6201716738197425 0.23166023166023167 0.5944206008583691 0.22393822393822393 0.5686695278969958 0.25096525096525096 0.5686695278969958 0.26640926640926643 0.5858369098712446 0.2702702702702703 0.6201716738197425 0.23166023166023167
0 0.703862660944206 0.27413127413127414 0.7274678111587983 0.25096525096525096 0.7188841201716738 0.23938223938223938 0.6716738197424893 0.277992277992278 0.6609442060085837 0.32432432432432434 0.6824034334763949 0.3474903474903475 0.6995708154506438 0.3281853281853282 0.703862660944206 0.27413127413127414
0 0.6437768240343348 0.2548262548262548 0.6416309012875536 0.27413127413127414 0.6609442060085837 0.2702702702702703 0.6609442060085837 0.2548262548262548 0.6437768240343348 0.2548262548262548
0 0.6652360515021459 0.22393822393822393 0.6781115879828327 0.23552123552123552 0.6824034334763949 0.22007722007722008 0.6652360515021459 0.22393822393822393
0 0.9206008583690987 0.2625482625482625 0.8991416309012875 0.2277992277992278 0.851931330472103 0.23938223938223938 0.851931330472103 0.25868725868725867 0.871244635193133 0.277992277992278 0.8927038626609443 0.28185328185328185 0.9206008583690987 0.2625482625482625
0 0.7081545064377682 0.9266409266409267 0.6909871244635193 0.9227799227799228 0.6845493562231759 0.9459459459459459 0.6952789699570815 0.9613899613899614 0.7081545064377682 0.9536679536679536 0.7081545064377682 0.9266409266409267
0 0.6931330472103004 0.42084942084942084 0.6866952789699571 0.43243243243243246 0.6974248927038627 0.444015444015444 0.703862660944206 0.4247104247104247 0.6931330472103004 0.42084942084942084