0 0.38596491228070173 0.3885135135135135 0.39097744360902253 0.3783783783783784 0.37593984962406013 0.30743243243243246 0.3609022556390977 0.2972972972972973 0.3433583959899749 0.3141891891891892 0.3383458646616541 0.34797297297297297 0.3483709273182957 0.42567567567567566 0.3609022556390977 0.3783783783783784 0.38596491228070173 0.3885135135135135
0 0.43107769423558895 0.3108108108108108 0.42355889724310775 0.27702702702702703 0.41102756892230574 0.26013513513513514 0.38596491228070173 0.27702702702702703 0.38847117794486213 0.30743243243243246 0.40601503759398494 0.31756756756756754 0.41854636591478694 0.34459459459459457 0.43107769423558895 0.3108108108108108
0 0.3383458646616541 0.3141891891891892 0.3308270676691729 0.2972972972972973 0.3057644110275689 0.30743243243243246 0.3007518796992481 0.34797297297297297 0.3182957393483709 0.3581081081081081 0.3333333333333333 0.34459459459459457 0.3383458646616541 0.3141891891891892
0 0.3333333333333333 0.47635135135135137 0.3308270676691729 0.5371621621621622 0.3408521303258145 0.5236486486486487 0.3408521303258145 0.47297297297297297 0.3333333333333333 0.47635135135135137
0 0.2606516290726817 0.7466216216216216 0.24310776942355888 0.7297297297297297 0.23057644110275688 0.7601351351351351 0.22807017543859648 0.8243243243243243 0.24812030075187969 0.8277027027027027 0.2606516290726817 0.8040540540540541 0.2606516290726817 0.7466216216216216
0 0.3157894736842105 0.6756756756756757 0.3208020050125313 0.6554054054054054 0.3132832080200501 0.6587837837837838 0.3157894736842105 0.6756756756756757
0 0.2581453634085213 0.40202702702702703 0.24060150375939848 0.3952702702702703 0.22556390977443608 0.4155405405405405 0.22305764411027568 0.43243243243243246 0.2506265664160401 0.47297297297297297 0.2656641604010025 0.44256756756756754 0.2581453634085213 0.40202702702702703
0 0.11278195488721804 0.8006756756756757 0.12030075187969924 0.793918918918919 0.14285714285714285 0.8243243243243243 0.14536340852130325 0.8783783783783784 0.15288220551378445 0.8783783783783784 0.16040100250626566 0.7702702702702703 0.15538847117794485 0.6047297297297297 0.14536340852130325 0.5844594594594594 0.15789473684210525 0.5202702702702703 0.15288220551378445 0.4831081081081081 0.13533834586466165 0.49324324324324326 0.12531328320802004 0.5945945945945946 0.09022556390977443 0.668918918918919 0.09022556390977443 0.7263513513513513 0.10275689223057644 0.7432432432432432 0.09774436090225563 0.7871621621621622 0.11278195488721804 0.8006756756756757
0 0.12781954887218044 0.5709459459459459 0.12531328320802004 0.5878378378378378 0.13784461152882205 0.581081081081081 0.13784461152882205 0.5641891891891891 0.12781954887218044 0.5709459459459459
0 0.14285714285714285 0.4797297297297297 0.12781954887218044 0.5101351351351351 0.12280701754385964 0.5472972972972973 0.15288220551378445 0.543918918918919 0.16040100250626566 0.4831081081081081 0.14285714285714285 0.4797297297297297
0 0.19799498746867167 0.7094594594594594 0.21052631578947367 0.7364864864864865 0.22556390977443608 0.7263513513513513 0.23809523809523808 0.706081081081081 0.22807017543859648 0.6047297297297297 0.23558897243107768 0.5371621621621622 0.19298245614035087 0.5844594594594594 0.17794486215538846 0.5743243243243243 0.16541353383458646 0.6047297297297297 0.16290726817042606 0.6351351351351351 0.18295739348370926 0.6655405405405406 0.18045112781954886 0.6993243243243243 0.19799498746867167 0.7094594594594594
0 0.2907268170426065 0.8175675675675675 0.3157894736842105 0.8040540540540541 0.2982456140350877 0.7567567567567568 0.2832080200501253 0.7871621621621622 0.2656641604010025 0.793918918918919 0.2681704260651629 0.8074324324324325 0.2907268170426065 0.8175675675675675
0 0.45112781954887216 0.6858108108108109 0.43859649122807015 0.6655405405405406 0.43609022556390975 0.6858108108108109 0.45112781954887216 0.7027027027027027 0.48120300751879697 0.6824324324324325 0.45112781954887216 0.6858108108108109