0 0.1291910325203252 0.3989793621212121 0.12675994918699188 0.43391237424242424 0.1479949105691057 0.45306856515151517 0.1622138861788618 0.45269841818181816 0.19204471341463417 0.4382771909090909 0.21068092276422762 0.4453724318181818 0.22244301219512197 0.43596979242424244 0.11929255487804878 0.3613351606060606 0.11572652845528456 0.37204051666666665 0.1291910325203252 0.3989793621212121
0 0.2778099695121951 0.4891071909090909 0.25062302845528456 0.4731380909090909 0.2802668556910569 0.49813968484848486 0.29786485772357724 0.5264870015151515 0.3591128617886179 0.5749230803030303 0.3896078963414634 0.6180954151515151 0.40403967276422764 0.6222679545454545 0.4182135162601626 0.6643490848484849 0.4637529308943089 0.6813565106060606 0.49625344512195124 0.6805104621212121 0.5345640711382114 0.6734488666666667 0.5523490731707317 0.6623733636363637 0.6130038028455285 0.6547301090909091 0.6481740040650407 0.6674592393939394 0.6650626666666666 0.6806642727272727 0.6811710569105691 0.6772127909090909 0.6435439695121951 0.6554511681818183 0.6450077784552845 0.6432844606060606 0.6787593028455284 0.6257290212121213 0.6952223617886178 0.6298486818181818 0.7028509532520325 0.6190375712121212 0.6864588272357725 0.6164321378787879 0.685891355691057 0.6043183090909091 0.6710339756097561 0.5910603984848485 0.6382497256097561 0.5858495333333333 0.5909369613821138 0.530986393939394 0.5850559166666667 0.5356877136363637 0.33738135975609757 0.5451672909090909 0.30367496951219514 0.5202714530303031 0.2778099695121951 0.4891071909090909
0 0.21691016463414636 0.31785996818181816 0.22175300203252032 0.3344107257575758 0.24726333130081302 0.35800384545454544 0.2636554573170731 0.3606092787878788 0.29195153861788614 0.35684052878787875 0.30154047967479675 0.3444623106060606 0.29613017073170733 0.31579772424242425 0.24827573780487805 0.2927862621212121 0.22628630284552845 0.30093906363636364 0.21691016463414636 0.31785996818181816
0 0.3177456036585366 0.38649056363636364 0.3261544695121951 0.39233596515151514 0.3612537378048781 0.4035508666666667 0.4013119085365854 0.3903794787878788 0.4064836138211382 0.37053587272727273 0.3998222967479675 0.3585806787878788 0.378871069105691 0.34548140303030306 0.342378924796748 0.34794743636363634 0.31913848170731707 0.37280962878787877 0.3177456036585366 0.38649056363636364
0 0.8893484410569106 0.562636143939394 0.8816489166666667 0.5719330272727273 0.9239511727642277 0.563251446969697 0.9317216300813008 0.5554687924242424 0.8893484410569106 0.562636143939394
0 0.2673827682926829 0.7440792409090909 0.28174361178861784 0.7467375530303031 0.34568063211382116 0.7223320272727273 0.4281119918699187 0.7019932863636363 0.4619344512195122 0.6859520742424242 0.4536674532520325 0.6831351303030303 0.2890884654471545 0.7298695272727272 0.2673827682926829 0.7440792409090909
0 0.2694140508130081 0.7440263636363635 0.2797123292682927 0.7467904303030303 0.29133255081300813 0.7343593348484848 0.2694140508130081 0.7440263636363635
0 0.11452712398373983 0.4766809196969697 0.11473992479674798 0.48122360454545454 0.1312029837398374 0.48534326666666666 0.12671481707317073 0.47636365151515153 0.11452712398373983 0.4766809196969697
0 0.32360731910569107 0.4682060257575758 0.32802455284552845 0.4756714121212121 0.3423144613821138 0.47681549393939393 0.3336927967479675 0.46642740757575757 0.32360731910569107 0.4682060257575758
0 0.9449475304878048 0.5338994469696969 0.949293831300813 0.5398506045454545 0.959379306910569 0.5380719863636364 0.9590955711382114 0.5320150712121212 0.9449475304878048 0.5338994469696969
0 1 0.5369087090909092 0.999792150406504 0.5324717393939394 0.9777317804878048 0.5391103121212122 0.9780155162601626 0.5451672257575757 1 0.5415925181818182 1 0.5369087090909092
0 0.6988657947154472 0.7510398424242425 0.6990785975609756 0.7555825287878788 0.7114081565040651 0.7582937166666667 0.7132266382113821 0.7536981530303031 0.6988657947154472 0.7510398424242425
0 0.46628075 0.6919032333333334 0.46852483536585365 0.6963930409090909 0.4804997256097561 0.6915330863636363 0.46628075 0.6919032333333334
0 0.7187465406504064 0.6110434045454546 0.7211324918699187 0.6185616681818181 0.7331783170731707 0.6152159439393939 0.7308633008130081 0.6092119075757576 0.7187465406504064 0.6110434045454546