0 0.6881443298969072 0.7346153846153847 0.6881443298969072 0.7576923076923077 0.7190721649484536 0.7384615384615385 0.770618556701031 0.75 0.7731958762886598 0.676923076923077 0.729381443298969 0.6423076923076924 0.7345360824742269 0.5115384615384615 0.7448453608247423 0.49615384615384617 0.7268041237113402 0.48846153846153845 0.7010309278350515 0.4461538461538462 0.6752577319587629 0.43846153846153846 0.45103092783505155 0.49615384615384617 0.4690721649484536 0.5423076923076923 0.5128865979381443 0.6 0.6881443298969072 0.7346153846153847
0 0.5180412371134021 0.6653846153846154 0.5283505154639175 0.7038461538461539 0.5773195876288659 0.6730769230769231 0.5747422680412371 0.6615384615384615 0.5180412371134021 0.6653846153846154
0 0.9355670103092784 0.48846153846153845 0.884020618556701 0.4807692307692308 0.9201030927835051 0.5192307692307693 0.9432989690721649 0.5230769230769231 0.9458762886597938 0.5038461538461538 0.9355670103092784 0.48846153846153845
0 0.47164948453608246 0.9346153846153846 0.44329896907216493 0.9307692307692308 0.4329896907216495 0.9153846153846154 0.3943298969072165 0.9192307692307692 0.38144329896907214 0.9615384615384616 0.39690721649484534 0.9730769230769231 0.43556701030927836 0.9692307692307692 0.47164948453608246 0.9346153846153846
0 0.2345360824742268 0.7846153846153846 0.22938144329896906 0.8192307692307692 0.2603092783505155 0.8115384615384615 0.2551546391752577 0.7884615384615384 0.2345360824742268 0.7846153846153846
0 0.31443298969072164 0.3769230769230769 0.35309278350515466 0.36923076923076925 0.32989690721649484 0.36153846153846153 0.31443298969072164 0.3769230769230769
0 0.05670103092783505 0.4269230769230769 0.05670103092783505 0.4 0.04896907216494845 0.4 0.05670103092783505 0.4269230769230769
0 0.48195876288659795 0.23461538461538461 0.47680412371134023 0.25769230769230766 0.5051546391752577 0.25 0.5 0.23461538461538461 0.48195876288659795 0.23461538461538461
0 0.6958762886597938 0.34615384615384615 0.6907216494845361 0.36153846153846153 0.7061855670103093 0.36538461538461536 0.7087628865979382 0.35384615384615387 0.6958762886597938 0.34615384615384615
0 0.1958762886597938 0.19230769230769232 0.211340206185567 0.18461538461538463 0.2036082474226804 0.17307692307692307 0.1958762886597938 0.19230769230769232
0 0.13917525773195877 0.23461538461538461 0.13659793814432988 0.24615384615384617 0.15463917525773196 0.23846153846153847 0.15206185567010308 0.22692307692307692 0.13917525773195877 0.23461538461538461
0 0.9639175257731959 0.6576923076923077 0.979381443298969 0.6807692307692308 0.9896907216494846 0.6730769230769231 0.979381443298969 0.6538461538461539 0.9639175257731959 0.6576923076923077
0 0.8814432989690721 0.8615384615384616 0.8917525773195877 0.8846153846153846 0.8994845360824743 0.8769230769230769 0.8994845360824743 0.8653846153846154 0.8814432989690721 0.8615384615384616