0 0.5477775747422681 0.48352260384615386 0.3202440773195876 0.48481212307692306 0.2957575283505155 0.4990663423076923 0.27529889948453606 0.5474100615384615 0.25842684278350514 0.55966065 0.27036968814432993 0.5721400269230769 0.29066261082474226 0.6995868269230769 0.25154173711340205 0.7450302423076923 0.2625832912371134 0.8163290884615385 0.3120039381443299 0.7916083692307692 0.3446996443298969 0.8025324461538461 0.34201436340206187 0.7798061153846154 0.49894539690721645 0.6018201615384615 0.5353809871134021 0.5336504115384616 0.5477775747422681 0.48352260384615386
0 0.4958001752577319 0.7080959269230769 0.5014773634020618 0.6675471961538462 0.44519020360824746 0.6784527807692308 0.44399467783505153 0.690483823076923 0.4958001752577319 0.7080959269230769
0 0.08851695103092784 0.6278026615384615 0.11957578350515463 0.5805751538461539 0.06970759020618557 0.60150815 0.061345121134020617 0.6193305461538461 0.0661210206185567 0.6376012807692307 0.08851695103092784 0.6278026615384615
0 0.6704611804123711 0.9238042846153846 0.6528473427835051 0.8854787307692308 0.6143273324742268 0.891709173076923 0.6059648608247422 0.9095315692307692 0.5784926005154639 0.9206659461538461 0.618054824742268 0.9454051576923077 0.6565748350515463 0.9391747192307692 0.6704611804123711 0.9238042846153846
0 0.8036536417525773 0.7442537884615384 0.7945493917525773 0.7115000423076924 0.7746916237113403 0.7206307884615384 0.7723005747422681 0.7446928730769231 0.8036536417525773 0.7442537884615384
0 0.6684263324742269 0.3307057038461539 0.6514071572164949 0.31956208076923076 0.6294587731958763 0.33314842307692305 0.6684263324742269 0.3307057038461539
0 0.9280608711340207 0.3131583307692308 0.9325425360824742 0.2846406423076923 0.9249280438144329 0.2866442769230769 0.9280608711340207 0.3131583307692308
0 0.49464802835051547 0.2553626076923077 0.4868864175257732 0.2339720307692308 0.4691192680412371 0.23864717307692307 0.4658331262886598 0.2551338153846154 0.49464802835051547 0.2553626076923077
0 0.29606415463917524 0.41306494615384615 0.28919763917525776 0.39924981153846156 0.2774019097938144 0.4101646461538462 0.2812827164948454 0.42085993461538457 0.29606415463917524 0.41306494615384615
0 0.7636996417525774 0.11817267307692307 0.7538474123711341 0.10123769615384616 0.7475755618556702 0.1146044923076923 0.7636996417525774 0.11817267307692307
0 0.828343074742268 0.15583959615384615 0.8244622706185567 0.1451443076923077 0.8108763556701031 0.14090825384615382 0.8096808324742267 0.15293929615384616 0.828343074742268 0.15583959615384615
0 0.04893613917525773 0.8022481730769231 0.06147984536082474 0.7755145769230769 0.045803311855670104 0.7757341192307692 0.03788838917525773 0.7973442423076923 0.04893613917525773 0.8022481730769231
0 0.1589537087628866 0.9802896076923077 0.1664210850515464 0.9548917653846154 0.14910148195876288 0.9633546307692308 0.15044412371134022 0.9747177961538461 0.1589537087628866 0.9802896076923077