0 0.6489796516290727 0.32602847635135135 0.6413748195488722 0.29313603716216213 0.6226171854636592 0.2788086385135135 0.6084478972431078 0.2910070709459459 0.5989941804511278 0.3636831891891892 0.6047651804511278 0.3730565270270271 0.6289046140350877 0.3594455472972973 0.6450349573934837 0.40471806081081085 0.6489796516290727 0.32602847635135135
0 0.5959852180451127 0.2927727533783784 0.596119969924812 0.262180777027027 0.5698847268170426 0.24891278716216217 0.5587319273182958 0.26747782770270273 0.5538740802005012 0.30213594932432436 0.5689565213032581 0.3339689797297297 0.5793233934837093 0.3053243243243243 0.5959852180451127 0.2927727533783784
0 0.686367694235589 0.3207314256756757 0.6782389072681704 0.2811192432432433 0.652527619047619 0.2745709966216216 0.6463598922305764 0.29242976351351346 0.6537027493734336 0.3219623310810811 0.6697058696741855 0.33328299662162164 0.686367694235589 0.3207314256756757
0 0.6711279223057643 0.5131218581081082 0.6639198170426065 0.45299731081081085 0.6561802330827068 0.45069684797297305 0.6601098746867169 0.5010949189189189 0.6711279223057643 0.5131218581081082
0 0.7955898696741854 0.7842323108108108 0.7881197869674185 0.7207478918918919 0.7732993233082707 0.692274733108108 0.7571614511278195 0.7115460472972973 0.761615045112782 0.7686638581081081 0.7759115563909774 0.7904172736486487 0.7955898696741854 0.7842323108108108
0 0.696824157894737 0.6487577601351351 0.698006814536341 0.6316052668918919 0.6902672305764411 0.6293048040540541 0.696824157894737 0.6487577601351351
0 0.7701857142857143 0.3937809695945946 0.7663832982456141 0.37733475 0.7498562255639097 0.35929434121621623 0.7329324235588973 0.3684860405405405 0.7285985288220551 0.4098639054054054 0.7459115313283208 0.4379839290540541 0.7701857142857143 0.3937809695945946
0 0.9250820476190476 0.6673735236486487 0.9206284536340853 0.6102557128378379 0.8799694736842105 0.5412824594594594 0.8621400476190476 0.44189886824324326 0.843906365914787 0.4342912094594594 0.841803030075188 0.4719560675675675 0.8592432581453634 0.5340279391891892 0.8508449699248121 0.5555997128378378 0.8586967268170427 0.7209396790540541 0.8745575689223057 0.8273961486486486 0.8820351779448621 0.8263367398648649 0.8803360977443608 0.7722256621621622 0.9004111353383459 0.7388085912162162 0.9084126967418545 0.7444689222972972 0.9223200100250626 0.7289106182432432 0.9139292481203009 0.6859385641891892 0.9250820476190476 0.6673735236486487
0 0.879445521303258 0.5345627162162162 0.8756431052631579 0.5181164966216216 0.8651490100250626 0.5128093006756757 0.8664588897243108 0.5296086587837838 0.879445521303258 0.5345627162162162
0 0.8787943458646617 0.49389112500000004 0.8709275363408522 0.45763881418918917 0.8536145338345864 0.4295187939189189 0.8364287593984963 0.43535062162162164 0.8486219373433583 0.4947688918918919 0.8787943458646617 0.49389112500000004
0 0.8457251453634085 0.5868979662162163 0.8408748245614035 0.5570122601351352 0.8260543609022556 0.5285391013513514 0.8118850726817042 0.5407375371621622 0.7658442932330827 0.4997026621621622 0.7785614235588972 0.5658406756756758 0.7764505614035088 0.6680493614864865 0.7904851002506266 0.6864429054054053 0.8062262431077695 0.6944036993243243 0.8165931152882205 0.6657590472972973 0.8332549398496241 0.6532074763513513 0.8281426416040101 0.6199618986486487 0.8457251453634085 0.5868979662162163
0 0.7378723383458647 0.7550427331081081 0.7205593383458646 0.7269227128378379 0.7067792506265664 0.7764328682432432 0.7327525162907268 0.7863409831081082 0.7543994110275689 0.7730831418918919 0.7558440451127819 0.7592905202702702 0.7378723383458647 0.7550427331081081
0 0.5779683558897243 0.6757879324324325 0.573903962406015 0.6559818445945946 0.5630131378446116 0.6779067533783785 0.5328407293233083 0.6787845236486486 0.5643230200501254 0.6947061114864864 0.5779683558897243 0.6757879324324325