0 0.20734597156398105 0.3165618448637317 0.20734597156398105 0.3249475890985325 0.22037914691943128 0.31865828092243187 0.21682464454976302 0.31027253668763105 0.20734597156398105 0.3165618448637317
0 0.2725118483412322 0.3060796645702306 0.2665876777251185 0.3039832285115304 0.25118483412322273 0.32075471698113206 0.24644549763033174 0.3333333333333333 0.259478672985782 0.33542976939203356 0.27014218009478674 0.3228511530398323 0.2725118483412322 0.3060796645702306
0 0.5165876777251185 0.6771488469601677 0.5082938388625592 0.6960167714884696 0.5082938388625592 0.7085953878406709 0.518957345971564 0.7337526205450734 0.5248815165876777 0.7777777777777778 0.5284360189573459 0.7777777777777778 0.5355450236966824 0.7589098532494759 0.5450236966824644 0.750524109014675 0.5616113744075829 0.7044025157232704 0.5616113744075829 0.6415094339622641 0.5746445497630331 0.6037735849056604 0.6042654028436019 0.6205450733752621 0.6421800947867299 0.5974842767295597 0.6587677725118484 0.5576519916142557 0.6575829383886256 0.519916142557652 0.6528436018957346 0.5094339622641509 0.6338862559241706 0.5031446540880503 0.6232227488151659 0.48218029350104824 0.6030805687203792 0.480083857442348 0.5872827808056872 0.5010482180293501 0.5746445497630331 0.5010482180293501 0.5781990521327014 0.5178197064989518 0.5485781990521327 0.5534591194968553 0.5308056872037915 0.5450733752620545 0.518957345971564 0.5534591194968553 0.5165876777251185 0.6079664570230608 0.5225118483412322 0.6477987421383647 0.514218009478673 0.6645702306079665 0.5165876777251185 0.6771488469601677
0 0.4075829383886256 0.6729559748427673 0.3909952606635071 0.6813417190775681 0.3921800947867299 0.7253668763102725 0.4052132701421801 0.7379454926624738 0.41113744075829384 0.7253668763102725 0.4075829383886256 0.6729559748427673
0 0.3791469194312796 0.8846960167714885 0.3957345971563981 0.8951781970649895 0.4194312796208531 0.8343815513626834 0.4324644549763033 0.8343815513626834 0.4040284360189573 0.7714884696016772 0.3696682464454976 0.7861635220125787 0.3566350710900474 0.8050314465408805 0.3518957345971564 0.8134171907756813 0.35308056872037913 0.8259958071278826 0.3755924170616114 0.8364779874213837 0.3791469194312796 0.8846960167714885
0 0.3921800947867299 0.9937106918238994 0.3957345971563981 0.9853249475890985 0.3981042654028436 0.9350104821802935 0.3921800947867299 0.9203354297693921 0.3613744075829384 0.949685534591195 0.33767772511848343 0.9245283018867925 0.32701421800947866 0.9266247379454927 0.3187203791469194 0.9412997903563941 0.3127962085308057 0.9622641509433962 0.3127962085308057 0.9874213836477987 0.31635071090047395 0.9916142557651991 0.3921800947867299 0.9937106918238994
0 0.3281990521327014 0.05660377358490566 0.3293838862559242 0.03773584905660377 0.3068720379146919 0.031446540880503145 0.30450236966824645 0.039832285115303984 0.30924170616113744 0.05660377358490566 0.3175355450236967 0.06289308176100629 0.3281990521327014 0.05660377358490566
0 0.6196682464454977 0.06918238993710692 0.6161137440758294 0.039832285115303984 0.6042654028436019 0.03563941299790356 0.5983412322274881 0.0440251572327044 0.5959715639810427 0.05870020964360587 0.6018957345971564 0.07127882599580712 0.6149289099526066 0.07547169811320754 0.6196682464454977 0.06918238993710692
0 0.8755924170616114 0.6373165618448637 0.8483412322274881 0.549266247379455 0.8258293838862559 0.5241090146750524 0.8187203791469194 0.5241090146750524 0.8187203791469194 0.5324947589098532 0.8447867298578199 0.5723270440251572 0.8661137440758294 0.6310272536687631 0.8755924170616114 0.6373165618448637
0 0.9170616113744076 0.779874213836478 0.9182464454976303 0.740041928721174 0.9075829383886256 0.7253668763102725 0.8827014218009479 0.7190775681341719 0.8720379146919431 0.7442348008385744 0.8708530805687204 0.7672955974842768 0.8791469194312796 0.8134171907756813 0.8957345971563981 0.8155136268343816 0.9170616113744076 0.779874213836478
0 0.9300947867298578 0.9203354297693921 0.9241706161137441 0.9035639412997903 0.9075829383886256 0.8951781970649895 0.8969194312796208 0.9119496855345912 0.8969194312796208 0.939203354297694 0.9087677725118484 0.9622641509433962 0.9300947867298578 0.9517819706498952 0.9300947867298578 0.9203354297693921
0 0.669431279620853 0.9517819706498952 0.6516587677725119 0.9035639412997903 0.6457345971563981 0.9014675052410901 0.6267772511848341 0.9203354297693921 0.6184834123222749 0.9412997903563941 0.6196682464454977 0.9937106918238994 0.6563981042654028 0.9937106918238994 0.6670616113744076 0.9790356394129979 0.669431279620853 0.9517819706498952
0 0.6504739336492891 0.7085953878406709 0.6469194312796208 0.6939203354297694 0.6338862559241706 0.6813417190775681 0.6184834123222749 0.6876310272536688 0.6149289099526066 0.7085953878406709 0.6196682464454977 0.7211740041928721 0.6362559241706162 0.7211740041928721 0.6504739336492891 0.7085953878406709
0 0.6765402843601895 0.9056603773584906 0.6729857819905213 0.8679245283018868 0.6575829383886256 0.8742138364779874 0.6563981042654028 0.8888888888888888 0.6658767772511849 0.9182389937106918 0.6729857819905213 0.9182389937106918 0.6765402843601895 0.9056603773584906
0 0.7274881516587678 0.7819706498951782 0.7251184834123223 0.7735849056603774 0.7132701421800948 0.7714884696016772 0.70260663507109 0.7840670859538784 0.7037914691943128 0.7924528301886793 0.7215639810426541 0.7924528301886793 0.7274881516587678 0.7819706498951782
0 0.9229857819905213 0.20125786163522014 0.9300947867298578 0.18448637316561844 0.9466824644549763 0.1719077568134172 0.9644549763033176 0.18867924528301888 0.9703791469194313 0.20545073375262055 0.9988151658767772 0.22012578616352202 0.9988151658767772 0.20754716981132076 0.9774881516587678 0.1928721174004193 0.966824644549763 0.1761006289308176 0.9680094786729858 0.13626834381551362 0.957345971563981 0.11949685534591195 0.9218009478672986 0.10272536687631027 0.9111374407582938 0.1278825995807128 0.9135071090047393 0.14675052410901468 0.9206161137440758 0.1488469601677149 0.9241706161137441 0.16352201257861634 0.9229857819905213 0.20125786163522014
0 0.909952606635071 0.29350104821802936 0.9229857819905213 0.3081761006289308 0.9087677725118484 0.27882599580712786 0.909952606635071 0.29350104821802936
0 0.8625592417061612 0.25366876310272535 0.8613744075829384 0.2620545073375262 0.8732227488151659 0.259958071278826 0.8696682464454977 0.25157232704402516 0.8625592417061612 0.25366876310272535
0 0.9229857819905213 0.24737945492662475 0.9312796208530806 0.25366876310272535 0.9229857819905213 0.2222222222222222 0.9229857819905213 0.24737945492662475
0 0.8364928909952607 0.18029350104821804 0.8329383886255924 0.14046121593291405 0.8187203791469194 0.12159329140461216 0.8080568720379147 0.12159329140461216 0.8045023696682464 0.13417190775681342 0.8092417061611374 0.14465408805031446 0.830568720379147 0.18238993710691823 0.8364928909952607 0.18029350104821804
0 0.6954976303317536 0.1928721174004193 0.6741706161137441 0.18867924528301888 0.6729857819905213 0.19916142557651992 0.6800947867298578 0.20754716981132076 0.6907582938388626 0.20335429769392033 0.6954976303317536 0.1928721174004193
0 0.7535545023696683 0.12368972746331237 0.731042654028436 0.12159329140461216 0.7286729857819905 0.13836477987421383 0.7345971563981043 0.14465408805031446 0.7630331753554502 0.14465408805031446 0.7535545023696683 0.12368972746331237
0 0.7203791469194313 0.06918238993710692 0.7215639810426541 0.08176100628930817 0.7464454976303317 0.08385744234800839 0.7369668246445498 0.07127882599580712 0.7203791469194313 0.06918238993710692
0 0.919431279620853 0.06708595387840671 0.9312796208530806 0.0649895178197065 0.9004739336492891 0.03563941299790356 0.8945497630331753 0.04821802935010482 0.8862559241706162 0.04821802935010482 0.8874407582938388 0.06289308176100629 0.8992890995260664 0.07547169811320754 0.9146919431279621 0.07756813417190776 0.919431279620853 0.06708595387840671
0 0.8992890995260664 0 0.8909952606635071 0.0041928721174004195 0.9300947867298578 0.027253668763102725 0.9348341232227488 0.023060796645702306 0.9289099526066351 0 0.8992890995260664 0
0 0.9845971563981043 0.0880503144654088 0.9822274881516587 0.10062893081761007 0.9988151658767772 0.11949685534591195 0.9988151658767772 0.0880503144654088 0.9845971563981043 0.0880503144654088
0 0.9988151658767772 0.039832285115303984 0.9834123222748815 0.025157232704402517 0.966824644549763 0.025157232704402517 0.9620853080568721 0.027253668763102725 0.9691943127962085 0.050314465408805034 0.9988151658767772 0.05870020964360587 0.9988151658767772 0.039832285115303984
0 0.8779620853080569 0.1928721174004193 0.8696682464454977 0.18448637316561844 0.8613744075829384 0.18448637316561844 0.8637440758293838 0.1970649895178197 0.8767772511848341 0.20335429769392033 0.8779620853080569 0.1928721174004193
0 0.8874407582938388 0.16142557651991615 0.8803317535545023 0.14465408805031446 0.8649289099526066 0.15723270440251572 0.8613744075829384 0.16561844863731656 0.8649289099526066 0.17819706498951782 0.8803317535545023 0.1740041928721174 0.8874407582938388 0.16142557651991615
0 0.9182464454976303 0.6226415094339622 0.9265402843601895 0.5974842767295597 0.919431279620853 0.5681341719077568 0.9075829383886256 0.5513626834381551 0.8921800947867299 0.5618448637316562 0.8838862559241706 0.5870020964360587 0.8850710900473934 0.6142557651991615 0.9028436018957346 0.6289308176100629 0.9182464454976303 0.6226415094339622
0 0.9656398104265402 0.6121593291404612 0.9514218009478673 0.5870020964360587 0.9383886255924171 0.5849056603773585 0.9360189573459715 0.5911949685534591 0.9454976303317536 0.6163522012578616 0.9620853080568721 0.6184486373165619 0.9656398104265402 0.6121593291404612
0 0.9727488151658767 0.559748427672956 0.9656398104265402 0.5345911949685535 0.9502369668246445 0.5262054507337526 0.9360189573459715 0.5366876310272537 0.9360189573459715 0.5513626834381551 0.9443127962085308 0.5660377358490566 0.9632701421800948 0.5681341719077568 0.9727488151658767 0.559748427672956
0 0.4561611374407583 0.36477987421383645 0.4431279620853081 0.3710691823899371 0.4419431279620853 0.37945492662473795 0.45023696682464454 0.39832285115303984 0.4609004739336493 0.389937106918239 0.4561611374407583 0.36477987421383645
0 0.28199052132701424 0.2431865828092243 0.28791469194312796 0.2578616352201258 0.29976303317535546 0.25157232704402516 0.2938388625592417 0.23689727463312368 0.28199052132701424 0.2431865828092243
0 0.08175355450236967 0.2851153039832285 0.08412322274881516 0.29350104821802936 0.1066350710900474 0.2893081761006289 0.0995260663507109 0.27882599580712786 0.08175355450236967 0.2851153039832285
0 0.10308056872037914 0.1278825995807128 0.0995260663507109 0.13626834381551362 0.11611374407582939 0.12578616352201258 0.12322274881516587 0.1090146750524109 0.10308056872037914 0.1278825995807128
0 0.13151658767772512 0.26834381551362685 0.13033175355450238 0.27882599580712786 0.1386255924170616 0.2809224318658281 0.1481042654028436 0.2662473794549266 0.13151658767772512 0.26834381551362685
0 0.34834123222748814 0.1970649895178197 0.3341232227488152 0.20125786163522014 0.33175355450236965 0.21174004192872117 0.3353080568720379 0.21593291404612158 0.35308056872037913 0.20964360587002095 0.34834123222748814 0.1970649895178197
0 0.22630331753554503 0.12578616352201258 0.22630331753554503 0.13417190775681342 0.23104265402843602 0.13417190775681342 0.2381516587677725 0.12159329140461216 0.22630331753554503 0.12578616352201258
0 0.31398104265402843 0.16561844863731656 0.3056872037914692 0.18448637316561844 0.3175355450236967 0.17819706498951782 0.3187203791469194 0.16981132075471697 0.31398104265402843 0.16561844863731656
0 0.33886255924170616 0.14675052410901468 0.33293838862559244 0.14675052410901468 0.33293838862559244 0.15513626834381553 0.3471563981042654 0.15932914046121593 0.33886255924170616 0.14675052410901468
0 0.3933649289099526 0.08385744234800839 0.3921800947867299 0.10272536687631027 0.4052132701421801 0.10062893081761007 0.4028436018957346 0.07966457023060797 0.3933649289099526 0.08385744234800839
0 0.43364928909952605 0.33542976939203356 0.43009478672985785 0.3480083857442348 0.44786729857819907 0.3417190775681342 0.4443127962085308 0.32914046121593293 0.43364928909952605 0.33542976939203356
0 0.495260663507109 0.6729559748427673 0.4774881516587678 0.6813417190775681 0.47393364928909953 0.70020964360587 0.48578199052132703 0.70020964360587 0.495260663507109 0.6834381551362684 0.495260663507109 0.6729559748427673
0 0.8080568720379147 0.8637316561844863 0.8116113744075829 0.8805031446540881 0.8187203791469194 0.8763102725366876 0.816350710900474 0.859538784067086 0.8080568720379147 0.8637316561844863
0 0.7523696682464455 0.429769392033543 0.7511848341232228 0.44654088050314467 0.759478672985782 0.4528301886792453 0.759478672985782 0.42557651991614254 0.7523696682464455 0.429769392033543
0 0.4834123222748815 0.129979035639413 0.48578199052132703 0.14255765199161424 0.4940758293838863 0.13836477987421383 0.49170616113744076 0.1278825995807128 0.4834123222748815 0.129979035639413
0 0.5308056872037915 0.1069182389937107 0.5201421800947867 0.1069182389937107 0.5177725118483413 0.11530398322851153 0.5213270142180095 0.12159329140461216 0.5319905213270142 0.12159329140461216 0.5308056872037915 0.1069182389937107
0 0.5284360189573459 0.0880503144654088 0.5248815165876777 0.09853249475890985 0.5414691943127962 0.09224318658280922 0.5390995260663507 0.08176100628930817 0.5284360189573459 0.0880503144654088
0 0.6433649289099526 0 0.6445497630331753 0.04612159329140461 0.6575829383886256 0.04612159329140461 0.6623222748815166 0.03773584905660377 0.6563981042654028 0 0.6433649289099526 0
0 0.4194312796208531 0.11949685534591195 0.43364928909952605 0.12159329140461216 0.4158767772511848 0.10482180293501048 0.4194312796208531 0.11949685534591195
0 0.48104265402843605 0.27882599580712786 0.48104265402843605 0.28721174004192873 0.509478672985782 0.27882599580712786 0.504739336492891 0.27253668763102723 0.48104265402843605 0.27882599580712786
0 0.5438388625592417 0.44654088050314467 0.5450236966824644 0.4360587002096436 0.5355450236966824 0.42348008385744235 0.5438388625592417 0.44654088050314467
0 0.41824644549763035 0.46331236897274636 0.41824644549763035 0.4779874213836478 0.42890995260663506 0.4716981132075472 0.4265402843601896 0.4612159329140461 0.41824644549763035 0.46331236897274636