0 0.4644107693965517 0.6477216893203884 0.4741127262931034 0.6138206245954693 0.49388579310344827 0.5885810517799352 0.5079253556034483 0.6013480938511327 0.5142933469827586 0.5798156343042071 0.5493749525862068 0.6002914110032362 0.5824261702586206 0.6889677540453075 0.6086710409482758 0.7108466893203883 0.6156735193965517 0.7057883818770226 0.6156389159482758 0.6829047249190938 0.5639336551724138 0.5532537540453074 0.5665408556034482 0.46338791262135925 0.5435953491379311 0.406256715210356 0.49204004094827586 0.3757682524271845 0.45852735344827583 0.3850360291262136 0.3949051551724138 0.4369702944983819 0.38763733836206893 0.46811700647249194 0.31177523060344825 0.4880557249190939 0.390082974137931 0.6745203074433657 0.3864836702586207 0.7129773203883495 0.42262662715517246 0.6290994692556635 0.45280534698275865 0.6322002944983819 0.45373977801724136 0.6454696990291262 0.4644107693965517 0.6477216893203884
0 0.5347470000000001 0.8030915210355987 0.5354160926724137 0.8424493300970874 0.5512899116379311 0.8588715210355987 0.5713975237068966 0.853310854368932 0.5710283749999999 0.8107482944983818 0.551186099137931 0.7902205566343042 0.5347470000000001 0.8030915210355987
0 0.7091861077586208 0.2647280485436893 0.6668020818965517 0.2525153300970874 0.64725975 0.2287828381877023 0.5799344353448276 0.2505231488673139 0.5704978146551724 0.2583358090614887 0.5906746357758621 0.29854245307443367 0.6571693318965518 0.33218370550161813 0.6882478793103448 0.3256702783171521 0.7104550840517242 0.297676355987055 0.7091861077586208 0.2647280485436893
0 0.2076772198275862 0 0.14588464439655174 0.028199844660194172 0.10753828232758621 0.06585998705501618 0.1401857456896552 0.08909011326860841 0.2099452025862069 0.06459545307443365 0.2297182672413793 0.039355880258899675 0.2510602521551724 0.043859864077669904 0.24432310991379308 0.02282976375404531 0.21079103663793103 0 0.2076772198275862 0
0 0.21393664870689655 0.4870163042071197 0.2133021594827586 0.47054214886731394 0.1980628297413793 0.4705941132686084 0.19169483836206896 0.492126572815534 0.21393664870689655 0.4870163042071197
0 0.19675924784482757 0.41476214886731394 0.19892805172413794 0.43809620388349513 0.22027003448275864 0.4426001877022654 0.2345749353448276 0.4292788220064725 0.23607464655172414 0.413255067961165 0.22203508405172415 0.4004880258899676 0.19675924784482757 0.41476214886731394
0 0.3271298685344828 0.7658123786407767 0.3042535711206896 0.7544484951456311 0.2567705301724138 0.7967165436893204 0.2525367370689655 0.8186994045307443 0.26904504525862066 0.8515957475728155 0.32606851939655174 0.870166006472492 0.338539161637931 0.8531894919093852 0.33600120905172415 0.7872928770226537 0.3271298685344828 0.7658123786407767
0 0.6801263362068966 0.5984725533980583 0.6874633599137931 0.6130931521035599 0.7078709159482759 0.6043277313915858 0.7054021702586206 0.584198430420712 0.6861943836206897 0.5801448446601942 0.6801263362068966 0.5984725533980583
0 0.9697544439655172 0.24782093203883496 0.9623482112068965 0.1874330226537217 0.8840173577586207 0.18724243689320388 0.8718466551724139 0.2010142006472492 0.8724811443965518 0.21748835275080908 0.8883895668103449 0.25679420064724917 0.9225713469827587 0.2868842297734628 0.9399448749999999 0.28728266666666663 0.9697544439655172 0.24782093203883496
0 0.7726698879310344 0.12125916181229775 0.7681361551724137 0.1464467702265372 0.7739388663793104 0.15420746925566345 0.8254941745689655 0.1846959352750809 0.8370649913793102 0.17733367313915857 0.8327619913793104 0.1535492200647249 0.7726698879310344 0.12125916181229775
0 0.7586533189655171 0.52680742394822 0.7787263254310346 0.49836310032362463 0.7223373405172414 0.4962669935275081 0.719003375 0.5086355987055016 0.7586533189655171 0.52680742394822