0 0.525 0.3885416666666667 0.525 0.3958333333333333 0.53359375 0.396875 0.57109375 0.378125 0.6 0.371875 0.6046875 0.37604166666666666 0.603125 0.40729166666666666 0.61484375 0.40625 0.65078125 0.3958333333333333 0.66953125 0.3854166666666667 0.67890625 0.3770833333333333 0.68515625 0.3572916666666667 0.69296875 0.36041666666666666 0.68984375 0.35520833333333335 0.69140625 0.3489583333333333 0.68046875 0.340625 0.68125 0.3333333333333333 0.67734375 0.32916666666666666 0.6640625 0.3375 0.65546875 0.328125 0.65859375 0.3145833333333333 0.66328125 0.309375 0.6609375 0.2989583333333333 0.65 0.3 0.64453125 0.2833333333333333 0.63828125 0.2760416666666667 0.62890625 0.275 0.62265625 0.2791666666666667 0.61484375 0.27395833333333336 0.59921875 0.2864583333333333 0.584375 0.2916666666666667 0.571875 0.28854166666666664 0.55234375 0.290625 0.5453125 0.3020833333333333 0.55625 0.3125 0.53671875 0.3770833333333333 0.534375 0.38333333333333336 0.525 0.3885416666666667
0 0.61796875 0.44479166666666664 0.62265625 0.4552083333333333 0.6234375 0.4708333333333333 0.63125 0.4875 0.63203125 0.5135416666666667 0.64453125 0.521875 0.6484375 0.5395833333333333 0.65703125 0.5541666666666667 0.666015625 0.5416666666666666 0.6734375 0.5447916666666667 0.6765625 0.5333333333333333 0.69296875 0.5291666666666667 0.69921875 0.5479166666666667 0.6953125 0.5635416666666667 0.6984375 0.5791666666666667 0.7015625 0.58125 0.70546875 0.5760416666666667 0.72421875 0.5791666666666667 0.7203125 0.49583333333333335 0.7265625 0.4895833333333333 0.7359375 0.49583333333333335 0.73984375 0.49166666666666664 0.75078125 0.45416666666666666 0.74921875 0.43125 0.74296875 0.415625 0.72890625 0.39479166666666665 0.72265625 0.38958333333333334 0.696875 0.390625 0.65625 0.40520833333333334 0.6171875 0.4125 0.596875 0.421875 0.59921875 0.440625 0.60234375 0.4354166666666667 0.60859375 0.4354166666666667 0.61796875 0.44479166666666664
0 0.68125 0.17083333333333334 0.67734375 0.18229166666666666 0.68125 0.1875 0.6796875 0.196875 0.68515625 0.203125 0.68671875 0.228125 0.67421875 0.2625 0.66953125 0.26666666666666666 0.66328125 0.28854166666666664 0.65078125 0.303125 0.6515625 0.32708333333333334 0.65390625 0.3302083333333333 0.6609375 0.3260416666666667 0.66796875 0.3145833333333333 0.665625 0.303125 0.6875 0.246875 0.6953125 0.20833333333333334 0.703125 0.20104166666666667 0.7203125 0.19583333333333333 0.734375 0.17291666666666666 0.7671875 0.165625 0.7796875 0.15729166666666666 0.78984375 0.13020833333333334 0.784375 0.11041666666666666 0.775 0.09583333333333334 0.7515625 0.078125 0.73984375 0.075 0.70390625 0.08333333333333333 0.6921875 0.09166666666666666 0.67890625 0.11354166666666667 0.67890625 0.12604166666666666 0.68359375 0.140625 0.67578125 0.15416666666666667 0.68125 0.17083333333333334
0 0.753125 0.28541666666666665 0.75234375 0.278125 0.74375 0.2708333333333333 0.73203125 0.275 0.72890625 0.2791666666666667 0.73203125 0.29583333333333334 0.74609375 0.2947916666666667 0.753125 0.28541666666666665
0 0.76875 0.2604166666666667 0.77109375 0.265625 0.7875 0.2635416666666667 0.80859375 0.240625 0.809375 0.23125 0.80234375 0.215625 0.78359375 0.203125 0.7546875 0.20416666666666666 0.7421875 0.2125 0.73828125 0.221875 0.7359375 0.23125 0.7390625 0.24270833333333333 0.7609375 0.259375 0.76875 0.2604166666666667
0 0.99921875 0.3125 0.9578125 0.321875 0.95234375 0.32708333333333334 0.93828125 0.328125 0.93515625 0.32395833333333335 0.928125 0.32916666666666666 0.92890625 0.3416666666666667 0.99921875 0.4666666666666667 0.99921875 0.3125
0 0.88046875 0.32083333333333336 0.8921875 0.3104166666666667 0.93515625 0.31354166666666666 0.95078125 0.3072916666666667 0.9546875 0.296875 0.9671875 0.2947916666666667 0.96953125 0.28854166666666664 0.978125 0.29583333333333334 0.99921875 0.29583333333333334 0.99921875 0.225 0.99375 0.22291666666666668 0.978125 0.22708333333333333 0.9734375 0.23333333333333334 0.97109375 0.24791666666666667 0.96015625 0.25104166666666666 0.95 0.24375 0.93671875 0.22604166666666667 0.9109375 0.21041666666666667 0.9078125 0.20208333333333334 0.88671875 0.18958333333333333 0.86640625 0.18854166666666666 0.84921875 0.21458333333333332 0.853125 0.22395833333333334 0.86171875 0.23229166666666667 0.865625 0.24270833333333333 0.8640625 0.24791666666666667 0.8359375 0.2635416666666667 0.8359375 0.2708333333333333 0.8609375 0.2864583333333333 0.87421875 0.31979166666666664 0.88046875 0.32083333333333336
0 0.953125 0.11458333333333333 0.959375 0.11666666666666667 0.971875 0.11145833333333334 0.984375 0.09166666666666666 0.97890625 0.07604166666666666 0.96640625 0.06666666666666667 0.959375 0.065625 0.95 0.07291666666666667 0.946875 0.08333333333333333 0.94140625 0.0875 0.94140625 0.09895833333333333 0.953125 0.11458333333333333
0 0.37265625 0.27395833333333336 0.36875 0.2875 0.38984375 0.29583333333333334 0.403125 0.31354166666666666 0.4453125 0.31354166666666666 0.4546875 0.309375 0.46640625 0.29583333333333334 0.46328125 0.28958333333333336 0.465625 0.2708333333333333 0.48203125 0.25833333333333336 0.48203125 0.25 0.471875 0.234375 0.45859375 0.240625 0.453125 0.2375 0.446875 0.22604166666666667 0.4359375 0.23125 0.40703125 0.22708333333333333 0.3765625 0.2375 0.36171875 0.25 0.35703125 0.25 0.359375 0.25729166666666664 0.3671875 0.2604166666666667 0.37109375 0.2677083333333333 0.37265625 0.27395833333333336
0 0.5390625 0.25416666666666665 0.55859375 0.2520833333333333 0.5765625 0.25625 0.58359375 0.240625 0.5875 0.240625 0.58671875 0.23020833333333332 0.6 0.21875 0.6140625 0.234375 0.62109375 0.24791666666666667 0.6328125 0.2520833333333333 0.615625 0.228125 0.61953125 0.20104166666666667 0.62421875 0.19375 0.621875 0.17708333333333334 0.6125 0.165625 0.5953125 0.15625 0.56875 0.15520833333333334 0.540625 0.16145833333333334 0.5125 0.184375 0.50234375 0.20520833333333333 0.50234375 0.209375 0.51953125 0.22083333333333333 0.51640625 0.23125 0.5390625 0.25416666666666665
0 0.271875 0.32395833333333335 0.28046875 0.32395833333333335 0.30859375 0.309375 0.290625 0.309375 0.27890625 0.29375 0.2734375 0.29270833333333335 0.253125 0.2989583333333333 0.25 0.303125 0.25 0.30833333333333335 0.259375 0.31145833333333334 0.26328125 0.32083333333333336 0.271875 0.32395833333333335
0 0.3171875 0.265625 0.32890625 0.25833333333333336 0.33359375 0.24895833333333334 0.34140625 0.24791666666666667 0.3265625 0.24375 0.321875 0.23541666666666666 0.2859375 0.23020833333333332 0.275 0.23229166666666667 0.25625 0.25416666666666665 0.25625 0.2625 0.265625 0.27395833333333336 0.2890625 0.278125 0.3171875 0.265625
0 0.384375 0.42291666666666666 0.38828125 0.4 0.4 0.3885416666666667 0.4 0.384375 0.36953125 0.371875 0.353125 0.3802083333333333 0.353125 0.39479166666666665 0.36875 0.415625 0.38046875 0.4239583333333333 0.384375 0.42291666666666666
0 0.18515625 0.42083333333333334 0.20703125 0.4010416666666667 0.21640625 0.38333333333333336 0.21796875 0.371875 0.203125 0.36041666666666666 0.203125 0.3458333333333333 0.2234375 0.3260416666666667 0.22578125 0.3177083333333333 0.22109375 0.3177083333333333 0.19296875 0.3489583333333333 0.1796875 0.35625 0.1453125 0.3614583333333333 0.12265625 0.3489583333333333 0.13359375 0.3645833333333333 0.11171875 0.37916666666666665 0.103125 0.39791666666666664 0.09453125 0.4041666666666667 0.09375 0.4083333333333333 0.11875 0.43125 0.1671875 0.42916666666666664 0.18515625 0.42083333333333334
0 0.0875 0.4552083333333333 0.1 0.45208333333333334 0.103125 0.44166666666666665 0.07578125 0.4322916666666667 0.05859375 0.4427083333333333 0.0484375 0.46145833333333336 0.03515625 0.4666666666666667 0.03359375 0.471875 0.04375 0.4739583333333333 0.07578125 0.46770833333333334 0.0875 0.4552083333333333
0 0.17109375 0.17708333333333334 0.20234375 0.17083333333333334 0.21640625 0.15729166666666666 0.22265625 0.14375 0.2390625 0.140625 0.24765625 0.134375 0.25546875 0.1125 0.24375 0.10729166666666666 0.2171875 0.109375 0.16875 0.134375 0.1515625 0.14895833333333333 0.14375 0.16041666666666668 0.125 0.165625 0.1234375 0.16979166666666667 0.1296875 0.17083333333333334 0.1625 0.16458333333333333 0.17109375 0.17708333333333334
0 0 0.19791666666666666 0.009375 0.2 0.01328125 0.21979166666666666 0.03671875 0.19895833333333332 0.0953125 0.178125 0.10390625 0.15625 0.1 0.15208333333333332 0.06796875 0.14895833333333333 0.0265625 0.16145833333333334 0.0078125 0.17291666666666666 0 0.17916666666666667 0 0.19791666666666666
0 0.2734375 0.08645833333333333 0.28984375 0.07604166666666666 0.29609375 0.06875 0.29921875 0.051041666666666666 0.2921875 0.04479166666666667 0.2578125 0.04479166666666667 0.234375 0.05 0.22421875 0.06041666666666667 0.221875 0.07291666666666667 0.228125 0.08854166666666667 0.253125 0.09166666666666666 0.2734375 0.08645833333333333
0 0.14140625 0.09895833333333333 0.12578125 0.090625 0.121875 0.09791666666666667 0.09921875 0.10833333333333334 0.096875 0.11458333333333333 0.1 0.11875 0.12421875 0.11666666666666667 0.14140625 0.09895833333333333
0 0.27734375 0.041666666666666664 0.28125 0.03229166666666667 0.275 0.020833333333333332 0.24609375 0.015625 0.23671875 0.016666666666666666 0.21796875 0.030208333333333334 0.2171875 0.040625 0.22421875 0.04791666666666667 0.27265625 0.04375 0.27734375 0.041666666666666664
0 0.575 0.9489583333333333 0.56640625 0.9989583333333333 0.67734375 0.9989583333333333 0.67734375 0.971875 0.703125 0.96875 0.70625 0.9989583333333333 0.71328125 0.9989583333333333 0.7125 0.9260416666666667 0.6984375 0.88125 0.69765625 0.8697916666666666 0.70546875 0.8416666666666667 0.7046875 0.8239583333333333 0.7125 0.8166666666666667 0.7140625 0.8 0.7078125 0.7572916666666667 0.70625 0.6854166666666667 0.69140625 0.6072916666666667 0.67109375 0.5770833333333333 0.66328125 0.5708333333333333 0.65390625 0.5677083333333334 0.634375 0.5739583333333333 0.61875 0.625 0.61953125 0.6697916666666667 0.60703125 0.6802083333333333 0.5984375 0.66875 0.5890625 0.665625 0.5796875 0.6760416666666667 0.57578125 0.6885416666666667 0.5796875 0.7395833333333334 0.590625 0.7760416666666666 0.5984375 0.8822916666666667 0.575 0.9489583333333333
0 0.77734375 0.8375 0.76953125 0.85625 0.76953125 0.8729166666666667 0.77421875 0.9270833333333334 0.77890625 0.94375 0.79140625 0.9354166666666667 0.7984375 0.9364583333333333 0.80234375 0.9270833333333334 0.79921875 0.85 0.79375 0.8322916666666667 0.79375 0.796875 0.78671875 0.759375 0.78671875 0.7395833333333334 0.79140625 0.7208333333333333 0.80703125 0.7072916666666667 0.77109375 0.6072916666666667 0.76328125 0.6010416666666667 0.75390625 0.6052083333333333 0.74765625 0.6145833333333334 0.74296875 0.6375 0.74140625 0.6541666666666667 0.7546875 0.740625 0.7734375 0.7604166666666666 0.77734375 0.8375
0 0.86015625 0.8635416666666667 0.853125 0.8822916666666667 0.871875 0.8833333333333333 0.87265625 0.8875 0.89140625 0.884375 0.89609375 0.9958333333333333 0.896875 0.9989583333333333 0.90625 0.9989583333333333 0.90546875 0.890625 0.89296875 0.803125 0.89375 0.728125 0.88203125 0.703125 0.884375 0.6885416666666667 0.87890625 0.6875 0.875 0.7 0.85703125 0.7208333333333333 0.84921875 0.7458333333333333 0.85 0.7833333333333333 0.853125 0.803125 0.86171875 0.8270833333333333 0.86015625 0.8635416666666667
0 0.16484375 0.9052083333333333 0.18125 0.903125 0.1890625 0.9208333333333333 0.190625 0.9322916666666666 0.18828125 0.9427083333333334 0.19453125 0.9739583333333334 0.20546875 0.99375 0.209375 0.9947916666666666 0.221875 0.9833333333333333 0.22578125 0.9864583333333333 0.2265625 0.9989583333333333 0.3015625 0.9989583333333333 0.31015625 0.8927083333333333 0.3078125 0.8677083333333333 0.2984375 0.8208333333333333 0.2765625 0.7854166666666667 0.26640625 0.7479166666666667 0.265625 0.73125 0.26015625 0.7177083333333333 0.2515625 0.7166666666666667 0.23671875 0.7229166666666667 0.23359375 0.7302083333333333 0.1890625 0.7760416666666666 0.1828125 0.7875 0.1578125 0.8104166666666667 0.14765625 0.834375 0.12890625 0.85625 0.12734375 0.8645833333333334 0.13125 0.8770833333333333 0.14765625 0.9010416666666666 0.16484375 0.9052083333333333
0 0.40625 0.9895833333333334 0.41484375 0.9270833333333334 0.41484375 0.8729166666666667 0.4046875 0.8114583333333333 0.39609375 0.7854166666666667 0.38671875 0.7708333333333334 0.37578125 0.7645833333333333 0.3640625 0.7697916666666667 0.359375 0.7760416666666666 0.34140625 0.821875 0.3359375 0.8677083333333333 0.33671875 0.946875 0.34375 0.9989583333333333 0.40234375 0.9989583333333333 0.40625 0.9895833333333334
0 0.4484375 0.7291666666666666 0.46015625 0.7239583333333334 0.465625 0.7041666666666667 0.46171875 0.6791666666666667 0.45859375 0.675 0.45390625 0.6770833333333334 0.44609375 0.6864583333333333 0.434375 0.6833333333333333 0.4328125 0.690625 0.43671875 0.6989583333333333 0.4390625 0.725 0.4484375 0.7291666666666666
0 0.8375 0.3489583333333333 0.83359375 0.31979166666666664 0.8296875 0.3177083333333333 0.81953125 0.3302083333333333 0.81953125 0.3416666666666667 0.82890625 0.3541666666666667 0.83515625 0.353125 0.8375 0.3489583333333333
0 0.80234375 0.3229166666666667 0.815625 0.30625 0.81015625 0.2989583333333333 0.80078125 0.29791666666666666 0.79609375 0.30416666666666664 0.7859375 0.2989583333333333 0.78359375 0.3020833333333333 0.78515625 0.30625 0.79609375 0.31145833333333334 0.80234375 0.3229166666666667
0 0.84765625 0.184375 0.86171875 0.16875 0.86328125 0.14270833333333333 0.853125 0.13125 0.840625 0.13333333333333333 0.83515625 0.14166666666666666 0.82734375 0.14375 0.821875 0.13854166666666667 0.80546875 0.14375 0.80546875 0.15520833333333334 0.82578125 0.16770833333333332 0.8328125 0.184375 0.84765625 0.184375
0 0.47890625 0.10625 0.47109375 0.09895833333333333 0.4546875 0.09895833333333333 0.4390625 0.11041666666666666 0.4390625 0.121875 0.44453125 0.12291666666666666 0.46796875 0.11770833333333333 0.47890625 0.10625
0 0.3921875 0.14583333333333334 0.371875 0.14270833333333333 0.34453125 0.14895833333333333 0.31953125 0.16145833333333334 0.32109375 0.16875 0.32578125 0.16875 0.38828125 0.15208333333333332 0.3921875 0.14583333333333334
0 0.15234375 0 0.1328125 0.011458333333333333 0.125 0.021875 0.12578125 0.03229166666666667 0.13984375 0.026041666666666668 0.16171875 0.028125 0.18359375 0.014583333333333334 0.1921875 0 0.15234375 0
0 0 0.134375 0.02578125 0.109375 0.02265625 0.1 0.0046875 0.10416666666666667 0 0.109375 0 0.134375
0 0.6109375 0.07604166666666666 0.62578125 0.07083333333333333 0.64609375 0.07291666666666667 0.66484375 0.06458333333333334 0.69453125 0.059375 0.7171875 0.04479166666666667 0.7078125 0.03125 0.68515625 0.023958333333333335 0.6515625 0.025 0.6109375 0.03958333333333333 0.60078125 0.04791666666666667 0.60625 0.05520833333333333 0.603125 0.06770833333333333 0.6109375 0.07604166666666666
0 0.7609375 0 0.74140625 0.013541666666666667 0.74296875 0.01875 0.73984375 0.029166666666666667 0.74375 0.0375 0.7234375 0.04791666666666667 0.721875 0.052083333333333336 0.72421875 0.05520833333333333 0.7296875 0.05520833333333333 0.79765625 0.041666666666666664 0.8328125 0.027083333333333334 0.8765625 0.020833333333333332 0.89765625 0.010416666666666666 0.9390625 0 0.7609375 0